-71.182497578,43.057654677,60.862
-71.182496076,43.057652704,61.023
-71.182491456,43.057650408,61.107
-71.182487772,43.057648173,61.223
-71.182486410,43.057647522,61.226
-71.182484917,43.057646950,61.242
-71.182538157,43.057670843,59.718
-71.182538154,43.057670953,59.710
-71.182543744,43.057675731,59.500
-71.182546106,43.057678190,59.381
-71.182547111,43.057679224,59.355
-71.182547766,43.057679859,59.361
-71.182548147,43.057680254,59.370
-71.182548403,43.057680554,59.372
-71.182548515,43.057680789,59.374
-71.182548436,43.057680936,59.385
-71.182548487,43.057681229,59.386
-71.182549074,43.057681900,59.385
-71.182549349,43.057682314,59.365
-71.182549502,43.057682619,59.339
-71.182547398,43.057680860,59.361
-71.182545632,43.057679415,59.441
-71.182544313,43.057678337,59.552
-71.182543331,43.057677475,59.655
-71.182542293,43.057676621,59.798
-71.182541659,43.057676383,59.972
-71.182541145,43.057676171,60.125
-71.182540630,43.057675857,60.283
-71.182539964,43.057675596,60.428
-71.182545670,43.057678589,60.717
-71.182548538,43.057680643,60.839
-71.182549861,43.057681830,60.894
-71.182550449,43.057682551,60.920
-71.182550720,43.057682976,60.934
-71.182551014,43.057683483,60.890
-71.182552925,43.057685387,60.815
-71.182554693,43.057687492,60.540
-71.182555870,43.057689059,60.262
-71.182556650,43.057690176,60.028
-71.182557190,43.057690984,59.824
-71.182557698,43.057691842,59.650
-71.182558032,43.057692451,59.488
-71.182558255,43.057692879,59.344
-71.182558392,43.057693196,59.211
-71.182558496,43.057693443,59.094
-71.182558562,43.057693663,58.981
-71.182558615,43.057693847,58.881
-71.182558672,43.057694024,58.790
-71.182558706,43.057694157,58.698
-71.182558723,43.057694372,58.618
-71.182559396,43.057693820,58.424
-71.182560504,43.057692819,58.239
-71.182560941,43.057692408,58.094
-71.182561195,43.057692251,57.992
-71.182561309,43.057692202,57.907
-71.182561376,43.057692246,57.829
-71.182561372,43.057692341,57.760
-71.182561437,43.057692447,57.690
-71.182561493,43.057692566,57.633
-71.182561515,43.057692673,57.575
-71.182561535,43.057692780,57.527
-71.182561515,43.057692874,57.483
-71.182561491,43.057692922,57.450
-71.182561501,43.057693010,57.415
-71.182561646,43.057693010,57.395
-71.182560877,43.057693245,57.391
-71.182560553,43.057693332,57.402
-71.182560397,43.057693374,57.409
-71.182560291,43.057693392,57.417
-71.182560208,43.057693393,57.426
-71.182560150,43.057693385,57.433
-71.182560149,43.057693409,57.441
-71.182560185,43.057693463,57.450
-71.182560216,43.057693513,57.461
-71.182560223,43.057693548,57.472
-71.182560212,43.057693565,57.483
-71.182560192,43.057693576,57.494
-71.182560177,43.057693587,57.504
-71.182560163,43.057693598,57.514
-71.182560137,43.057693599,57.524
-71.182560071,43.057693611,57.537
-71.182559966,43.057693638,57.554
-71.182559871,43.057693658,57.572
-71.182559796,43.057693662,57.592
-71.182559723,43.057693654,57.615
-71.182559652,43.057693640,57.640
-71.182559618,43.057693647,57.662
-71.182559595,43.057693664,57.681
-71.182559582,43.057693682,57.697
-71.182559573,43.057693703,57.710
-71.182559552,43.057693728,57.724
-71.182559538,43.057693748,57.736
-71.182559528,43.057693765,57.747
-71.182559525,43.057693777,57.757
-71.182559528,43.057693787,57.766
-71.182559535,43.057693795,57.774
-71.182559525,43.057693806,57.783
-71.182559496,43.057693822,57.791
-71.182559469,43.057693836,57.798
-71.182559445,43.057693846,57.804
-71.182559411,43.057693858,57.811
-71.182559381,43.057693874,57.817
-71.182559356,43.057693889,57.822
-71.182559338,43.057693903,57.826
-71.182559327,43.057693916,57.830
-71.182559316,43.057693929,57.832
-71.182559303,43.057693937,57.833
-71.182559292,43.057693942,57.834
-71.182559284,43.057693947,57.834
-71.182559280,43.057693954,57.834
-71.182559276,43.057693961,57.834
-71.182559267,43.057693968,57.834
-71.182559244,43.057693976,57.834
-71.182559215,43.057693982,57.836
-71.182559188,43.057693989,57.838
-71.182559162,43.057693997,57.841
-71.182559139,43.057694004,57.844
-71.182559127,43.057694006,57.847
-71.182559114,43.057694004,57.850
-71.182559094,43.057694002,57.852
-71.182559074,43.057693999,57.855
-71.182559059,43.057693994,57.858
-71.182559038,43.057693989,57.861
-71.182559015,43.057693983,57.864
-71.182559003,43.057693976,57.867
-71.182559001,43.057693969,57.869
-71.182559006,43.057693960,57.871
-71.182559014,43.057693952,57.872
-71.182559023,43.057693944,57.873
-71.182559034,43.057693937,57.874
-71.182559050,43.057693930,57.874
-71.182559064,43.057693923,57.873
-71.182559076,43.057693917,57.872
-71.182559087,43.057693912,57.871
-71.182559098,43.057693908,57.871
-71.182559107,43.057693905,57.870
-71.182559116,43.057693900,57.869
-71.182559125,43.057693896,57.868
-71.182559134,43.057693890,57.867
-71.182559143,43.057693886,57.865
-71.182559152,43.057693881,57.864
-71.182559161,43.057693878,57.863
-71.182559170,43.057693875,57.861
-71.182559178,43.057693872,57.860
-71.182559185,43.057693869,57.858
-71.182559193,43.057693866,57.857
-71.182559200,43.057693863,57.855
-71.182559206,43.057693860,57.853
-71.182559211,43.057693857,57.851
-71.182559217,43.057693855,57.849
-71.182559222,43.057693852,57.847
-71.182559227,43.057693848,57.845
-71.182559233,43.057693842,57.844
-71.182559241,43.057693832,57.843
-71.182559254,43.057693817,57.842
-71.182559269,43.057693799,57.842
-71.182559285,43.057693779,57.842
-71.182559302,43.057693757,57.843
-71.182559321,43.057693732,57.844
-71.182559341,43.057693707,57.845
-71.182559360,43.057693682,57.846
-71.182559381,43.057693655,57.848
-71.182559403,43.057693626,57.850
-71.182559425,43.057693598,57.852
-71.182559446,43.057693570,57.854
-71.182559466,43.057693545,57.856
-71.182559486,43.057693519,57.858
-71.182559508,43.057693491,57.860
-71.182559531,43.057693463,57.862
-71.182559557,43.057693430,57.865
-71.182559583,43.057693398,57.867
-71.182559607,43.057693369,57.869
-71.182559629,43.057693342,57.870
-71.182559650,43.057693317,57.872
-71.182559668,43.057693294,57.873
-71.182559686,43.057693272,57.873
-71.182559701,43.057693253,57.874
-71.182559714,43.057693237,57.874
-71.182559726,43.057693223,57.873
-71.182559737,43.057693211,57.872
-71.182559747,43.057693201,57.871
-71.182559757,43.057693190,57.869
-71.182559768,43.057693179,57.867
-71.182559778,43.057693169,57.865
-71.182559789,43.057693159,57.863
-71.182559800,43.057693149,57.861
-71.182559809,43.057693140,57.859
-71.182559818,43.057693132,57.856
-71.182559828,43.057693124,57.854
-71.182559838,43.057693116,57.851
-71.182559848,43.057693109,57.848
-71.182559858,43.057693102,57.845
-71.182559868,43.057693096,57.842
-71.182559878,43.057693090,57.839
-71.182559889,43.057693084,57.836
-71.182559899,43.057693080,57.833
-71.182559909,43.057693076,57.829
-71.182559918,43.057693072,57.826
-71.182559928,43.057693069,57.823
-71.182559938,43.057693065,57.819
-71.182559949,43.057693062,57.816
-71.182559960,43.057693058,57.812
-71.182559971,43.057693055,57.809
-71.182559983,43.057693051,57.805
-71.182559998,43.057693044,57.802
-71.182560014,43.057693036,57.799
-71.182560031,43.057693026,57.796
-71.182560047,43.057693016,57.794
-71.182560064,43.057693006,57.792
-71.182560081,43.057692995,57.790
-71.182560098,43.057692985,57.788
-71.182560114,43.057692975,57.786
-71.182560131,43.057692965,57.784
-71.182560147,43.057692956,57.782
-71.182560162,43.057692950,57.781
-71.182560176,43.057692944,57.779
-71.182560192,43.057692940,57.777
-71.182560209,43.057692936,57.775
-71.182560226,43.057692933,57.772
-71.182560244,43.057692930,57.770
-71.182560262,43.057692928,57.768
-71.182560280,43.057692925,57.765
-71.182560298,43.057692923,57.763
-71.182560316,43.057692921,57.761
-71.182560332,43.057692921,57.758
-71.182560348,43.057692922,57.756
-71.182560363,43.057692923,57.753
-71.182560378,43.057692924,57.751
-71.182560393,43.057692925,57.749
-71.182560408,43.057692926,57.746
-71.182560423,43.057692928,57.743
-71.182560438,43.057692929,57.741
-71.182560452,43.057692930,57.739
-71.182560465,43.057692931,57.736
-71.182560477,43.057692933,57.734
-71.182560489,43.057692933,57.732
-71.182560501,43.057692933,57.729
-71.182560514,43.057692932,57.727
-71.182560527,43.057692931,57.725
-71.182560539,43.057692930,57.723
-71.182560554,43.057692929,57.721
-71.182560568,43.057692928,57.719
-71.182560582,43.057692926,57.716
-71.182560596,43.057692925,57.714
-71.182560609,43.057692923,57.712
-71.182560622,43.057692921,57.709
-71.182560634,43.057692919,57.707
-71.182560647,43.057692917,57.705
-71.182560659,43.057692916,57.703
-71.182560670,43.057692915,57.701
-71.182560682,43.057692913,57.698
-71.182560693,43.057692912,57.696
-71.182560704,43.057692911,57.694
-71.182560715,43.057692910,57.691
-71.182560726,43.057692909,57.689
-71.182560737,43.057692908,57.687
-71.182560749,43.057692907,57.684
-71.182560760,43.057692906,57.682
-71.182560771,43.057692905,57.680
-71.182560782,43.057692905,57.677
-71.182560794,43.057692905,57.675
-71.182560807,43.057692905,57.673
-71.182560820,43.057692905,57.671
-71.182560834,43.057692904,57.669
-71.182560848,43.057692904,57.668
-71.182560861,43.057692905,57.666
-71.182560874,43.057692905,57.664
-71.182560887,43.057692906,57.662
-71.182560901,43.057692908,57.660
-71.182560914,43.057692910,57.658
-71.182560926,43.057692912,57.656
-71.182560938,43.057692914,57.655
-71.182560950,43.057692917,57.653
-71.182560960,43.057692920,57.651
-71.182560971,43.057692924,57.649
-71.182560981,43.057692927,57.648
-71.182560992,43.057692931,57.646
-71.182561002,43.057692934,57.645
-71.182561012,43.057692936,57.643
-71.182561024,43.057692938,57.642
-71.182561036,43.057692938,57.641
-71.182561050,43.057692937,57.640
-71.182561065,43.057692934,57.640
-71.182561081,43.057692930,57.640
-71.182561099,43.057692925,57.640
-71.182561116,43.057692919,57.641
-71.182561134,43.057692912,57.641
-71.182561152,43.057692906,57.642
-71.182561170,43.057692898,57.644
-71.182561187,43.057692891,57.645
-71.182561203,43.057692885,57.646
-71.182561219,43.057692879,57.647
-71.182561235,43.057692872,57.649
-71.182561249,43.057692867,57.651
-71.182561260,43.057692866,57.652
-71.182561270,43.057692866,57.654
-71.182561278,43.057692867,57.655
-71.182561286,43.057692870,57.656
-71.182561293,43.057692872,57.657
-71.182561300,43.057692875,57.658
-71.182561307,43.057692879,57.659
-71.182561314,43.057692882,57.660
-71.182561321,43.057692886,57.661
-71.182561327,43.057692890,57.662
-71.182561334,43.057692894,57.662
-71.182561342,43.057692897,57.663
-71.182561351,43.057692901,57.664
-71.182561360,43.057692904,57.664
-71.182561369,43.057692908,57.665
-71.182561377,43.057692911,57.666
-71.182561386,43.057692915,57.666
-71.182561395,43.057692919,57.667
-71.182561403,43.057692923,57.667
-71.182561412,43.057692928,57.668
-71.182561421,43.057692932,57.668
-71.182561429,43.057692937,57.669
-71.182561438,43.057692941,57.669
-71.182561446,43.057692945,57.670
-71.182561453,43.057692950,57.671
-71.182561461,43.057692955,57.671
-71.182561468,43.057692959,57.672
-71.182561476,43.057692962,57.673
-71.182561485,43.057692963,57.674
-71.182561494,43.057692964,57.675
-71.182561502,43.057692964,57.677
-71.182561510,43.057692964,57.678
-71.182561517,43.057692963,57.680
-71.182561522,43.057692962,57.682
-71.182561529,43.057692960,57.684
-71.182561536,43.057692958,57.687
-71.182561542,43.057692956,57.689
-71.182561549,43.057692953,57.691
-71.182561556,43.057692950,57.694
-71.182561564,43.057692947,57.696
-71.182561573,43.057692943,57.699
-71.182561583,43.057692938,57.701
-71.182561592,43.057692933,57.703
-71.182561601,43.057692928,57.706
-71.182561610,43.057692924,57.708
-71.182561619,43.057692919,57.710
-71.182561629,43.057692914,57.713
-71.182561638,43.057692909,57.715
-71.182561647,43.057692904,57.717
-71.182561657,43.057692898,57.720
-71.182561667,43.057692893,57.722
-71.182561678,43.057692887,57.725
-71.182561688,43.057692881,57.727
-71.182561698,43.057692874,57.730
-71.182561709,43.057692868,57.732
-71.182561721,43.057692861,57.735
-71.182561732,43.057692854,57.738
-71.182561745,43.057692847,57.740
-71.182561759,43.057692838,57.743
-71.182561778,43.057692828,57.746
-71.182561799,43.057692816,57.749
-71.182561820,43.057692805,57.752
-71.182561842,43.057692792,57.756
-71.182561864,43.057692779,57.759
-71.182561887,43.057692766,57.763
-71.182561912,43.057692751,57.767
-71.182561938,43.057692735,57.771
-71.182561959,43.057692720,57.775
-71.182561977,43.057692707,57.779
-71.182561993,43.057692695,57.783
-71.182562007,43.057692685,57.787
-71.182562020,43.057692677,57.790
-71.182562030,43.057692670,57.793
-71.182562034,43.057692666,57.796
-71.182562037,43.057692662,57.799
-71.182562038,43.057692657,57.802
-71.182562039,43.057692651,57.806
-71.182562039,43.057692646,57.809
-71.182562039,43.057692640,57.813
-71.182562040,43.057692634,57.816
-71.182562042,43.057692628,57.820
-71.182562044,43.057692623,57.823
-71.182562048,43.057692616,57.826
-71.182562051,43.057692610,57.829
-71.182562055,43.057692604,57.833
-71.182562060,43.057692598,57.835
-71.182562066,43.057692590,57.839
-71.182562072,43.057692582,57.842
-71.182562079,43.057692574,57.845
-71.182562087,43.057692566,57.847
-71.182562095,43.057692557,57.850
-71.182562104,43.057692548,57.853
-71.182562113,43.057692538,57.856
-71.182562123,43.057692528,57.859
-71.182562134,43.057692518,57.861
-71.182562145,43.057692508,57.864
-71.182562156,43.057692498,57.866
-71.182562167,43.057692488,57.869
-71.182562181,43.057692477,57.872
-71.182562197,43.057692464,57.874
-71.182562213,43.057692452,57.877
-71.182562230,43.057692440,57.880
-71.182562248,43.057692426,57.882
-71.182562266,43.057692413,57.885
-71.182562283,43.057692399,57.888
-71.182562298,43.057692385,57.891
-71.182562311,43.057692373,57.894
-71.182562326,43.057692361,57.896
-71.182562342,43.057692348,57.899
-71.182562361,43.057692334,57.902
-71.182562380,43.057692320,57.905
-71.182562400,43.057692305,57.907
-71.182562420,43.057692290,57.910
-71.182562439,43.057692275,57.913
-71.182562458,43.057692261,57.916
-71.182562477,43.057692247,57.919
-71.182562497,43.057692231,57.922
-71.182562515,43.057692216,57.926
-71.182562533,43.057692202,57.928
-71.182562552,43.057692187,57.932
-71.182562571,43.057692173,57.935
-71.182562590,43.057692158,57.938
-71.182562609,43.057692144,57.941
-71.182562628,43.057692131,57.944
-71.182562645,43.057692118,57.947
-71.182562662,43.057692105,57.950
-71.182562679,43.057692092,57.953
-71.182562696,43.057692080,57.956
-71.182562712,43.057692067,57.960
-71.182562728,43.057692056,57.963
-71.182562746,43.057692042,57.967
-71.182562765,43.057692029,57.971
-71.182562784,43.057692015,57.975
-71.182562804,43.057692000,57.980
-71.182562824,43.057691985,57.984
-71.182562843,43.057691970,57.989
-71.182562861,43.057691955,57.994
-71.182562879,43.057691940,58.000
-71.182562898,43.057691925,58.005
-71.182562916,43.057691909,58.010
-71.182562934,43.057691894,58.016
-71.182562951,43.057691878,58.021
-71.182562966,43.057691865,58.026
-71.182562979,43.057691852,58.031
-71.182562992,43.057691838,58.036
-71.182563003,43.057691824,58.042
-71.182563016,43.057691808,58.047
-71.182563027,43.057691794,58.053
-71.182563037,43.057691780,58.059
-71.182563047,43.057691765,58.064
-71.182563056,43.057691752,58.070
-71.182563067,43.057691739,58.076
-71.182563081,43.057691726,58.082
-71.182563096,43.057691715,58.088
-71.182563111,43.057691704,58.093
-71.182563127,43.057691694,58.098
-71.182563143,43.057691685,58.103
-71.182563159,43.057691675,58.108
-71.182563175,43.057691667,58.113
-71.182563190,43.057691660,58.117
-71.182563206,43.057691652,58.121
-71.182563221,43.057691645,58.125
-71.182563237,43.057691637,58.129
-71.182563253,43.057691630,58.133
-71.182563268,43.057691623,58.137
-71.182563283,43.057691617,58.141
-71.182563298,43.057691611,58.144
-71.182563312,43.057691605,58.147
-71.182563327,43.057691600,58.151
-71.182563340,43.057691595,58.154
-71.182563354,43.057691591,58.157
-71.182563367,43.057691587,58.160
-71.182563380,43.057691583,58.164
-71.182563392,43.057691580,58.167
-71.182563405,43.057691575,58.169
-71.182563418,43.057691570,58.172
-71.182563430,43.057691565,58.175
-71.182563442,43.057691559,58.178
-71.182563454,43.057691554,58.181
-71.182563465,43.057691549,58.184
-71.182563476,43.057691545,58.186
-71.182563486,43.057691541,58.189
-71.182563496,43.057691537,58.192
-71.182563506,43.057691533,58.194
-71.182563516,43.057691529,58.197
-71.182563526,43.057691526,58.199
-71.182563536,43.057691524,58.201
-71.182563545,43.057691523,58.204
-71.182563554,43.057691522,58.206
-71.182563563,43.057691521,58.208
-71.182563573,43.057691520,58.209
-71.182563583,43.057691519,58.211
-71.182563593,43.057691519,58.213
-71.182563602,43.057691519,58.214
-71.182563612,43.057691520,58.216
-71.182563621,43.057691520,58.217
-71.182563631,43.057691520,58.218
-71.182563641,43.057691520,58.219
-71.182563651,43.057691520,58.220
-71.182563660,43.057691520,58.221
-71.182563670,43.057691520,58.222
-71.182563680,43.057691521,58.222
-71.182563690,43.057691522,58.223
-71.182563701,43.057691523,58.223
-71.182563711,43.057691523,58.224
-71.182563720,43.057691524,58.224
-71.182563729,43.057691525,58.224
-71.182563738,43.057691526,58.224
-71.182563747,43.057691526,58.224
-71.182563757,43.057691527,58.224
-71.182563766,43.057691527,58.224
-71.182563776,43.057691527,58.224
-71.182563786,43.057691527,58.223
-71.182563797,43.057691527,58.223
-71.182563807,43.057691527,58.223
-71.182563817,43.057691528,58.223
-71.182563827,43.057691529,58.223
-71.182563836,43.057691530,58.222
-71.182563846,43.057691531,58.222
-71.182563856,43.057691533,58.222
-71.182563865,43.057691535,58.221
-71.182563875,43.057691536,58.221
-71.182563885,43.057691538,58.220
-71.182563895,43.057691539,58.220
-71.182563905,43.057691540,58.220
-71.182563915,43.057691541,58.219
-71.182563926,43.057691542,58.219
-71.182563936,43.057691544,58.219
-71.182563945,43.057691545,58.218
-71.182563955,43.057691547,58.218
-71.182563964,43.057691549,58.218
-71.182563974,43.057691551,58.217
-71.182563983,43.057691552,58.217
-71.182563993,43.057691553,58.217
-71.182564002,43.057691555,58.216
-71.182564011,43.057691557,58.216
-71.182564020,43.057691559,58.216
-71.182564029,43.057691561,58.215
-71.182564037,43.057691563,58.215
-71.182564045,43.057691565,58.215
-71.182564053,43.057691567,58.215
-71.182564061,43.057691569,58.214
-71.182564069,43.057691571,58.214
-71.182564077,43.057691573,58.213
-71.182564084,43.057691575,58.213
-71.182564092,43.057691578,58.213
-71.182564099,43.057691580,58.212
-71.182564107,43.057691582,58.212
-71.182564114,43.057691584,58.211
-71.182564121,43.057691587,58.211
-71.182564128,43.057691590,58.210
-71.182564134,43.057691593,58.210
-71.182564141,43.057691596,58.209
-71.182564147,43.057691600,58.209
-71.182564154,43.057691603,58.208
-71.182564161,43.057691606,58.208
-71.182564168,43.057691610,58.207
-71.182564175,43.057691613,58.206
-71.182564182,43.057691616,58.206
-71.182564189,43.057691620,58.205
-71.182564196,43.057691623,58.204
-71.182564202,43.057691627,58.203
-71.182564209,43.057691630,58.203
-71.182564215,43.057691634,58.202
-71.182564221,43.057691637,58.201
-71.182564227,43.057691640,58.200
-71.182564233,43.057691643,58.199
-71.182564239,43.057691646,58.199
-71.182564244,43.057691649,58.198
-71.182564250,43.057691652,58.197
-71.182564256,43.057691655,58.196
-71.182564261,43.057691658,58.196
-71.182564267,43.057691661,58.195
-71.182564272,43.057691664,58.194
-71.182564276,43.057691667,58.193
-71.182564280,43.057691670,58.192
-71.182564283,43.057691674,58.191
-71.182564286,43.057691678,58.190
-71.182564290,43.057691682,58.189
-71.182564293,43.057691686,58.188
-71.182564296,43.057691690,58.187
-71.182564299,43.057691694,58.185
-71.182564303,43.057691698,58.184
-71.182564306,43.057691702,58.183
-71.182564310,43.057691707,58.182
-71.182564314,43.057691711,58.180
-71.182564318,43.057691715,58.179
-71.182564322,43.057691719,58.178
-71.182564326,43.057691724,58.177
-71.182564330,43.057691728,58.175
-71.182564334,43.057691732,58.174
-71.182564338,43.057691737,58.173
-71.182564342,43.057691741,58.172
-71.182564347,43.057691745,58.170
-71.182564351,43.057691750,58.169
-71.182564356,43.057691754,58.168
-71.182564360,43.057691759,58.167
-71.182564365,43.057691763,58.165
-71.182564370,43.057691767,58.164
-71.182564375,43.057691772,58.163
-71.182564379,43.057691776,58.161
-71.182564384,43.057691780,58.160
-71.182564389,43.057691785,58.158
-71.182564393,43.057691790,58.157
-71.182564397,43.057691795,58.156
-71.182564401,43.057691800,58.155
-71.182564405,43.057691805,58.154
-71.182564410,43.057691810,58.153
-71.182564415,43.057691815,58.151
-71.182564420,43.057691819,58.150
-71.182564425,43.057691823,58.149
-71.182564431,43.057691826,58.147
-71.182564436,43.057691830,58.146
-71.182564442,43.057691834,58.145
-71.182564447,43.057691838,58.144
-71.182564453,43.057691842,58.142
-71.182564458,43.057691846,58.141
-71.182564464,43.057691850,58.140
-71.182564470,43.057691854,58.138
-71.182564476,43.057691858,58.137
-71.182564482,43.057691863,58.135
-71.182564488,43.057691867,58.134
-71.182564493,43.057691871,58.133
-71.182564499,43.057691876,58.131
-71.182564504,43.057691882,58.130
-71.182564508,43.057691887,58.128
-71.182564513,43.057691893,58.127
-71.182564518,43.057691898,58.125
-71.182564522,43.057691903,58.124
-71.182564527,43.057691909,58.123
-71.182564531,43.057691914,58.121
-71.182564535,43.057691920,58.120
-71.182564540,43.057691925,58.118
-71.182564544,43.057691931,58.117
-71.182564547,43.057691937,58.115
-71.182564551,43.057691943,58.114
-71.182564554,43.057691949,58.113
-71.182564557,43.057691956,58.111
-71.182564561,43.057691962,58.110
-71.182564564,43.057691968,58.108
-71.182564567,43.057691974,58.107
-71.182564570,43.057691980,58.105
-71.182564573,43.057691986,58.104
-71.182564576,43.057691992,58.103
-71.182564580,43.057691997,58.101
-71.182564584,43.057692002,58.100
-71.182564588,43.057692007,58.099
-71.182564592,43.057692012,58.097
-71.182564597,43.057692016,58.096
-71.182564603,43.057692020,58.095
-71.182564608,43.057692025,58.094
-71.182564613,43.057692028,58.092
-71.182564618,43.057692032,58.091
-71.182564624,43.057692035,58.090
-71.182564630,43.057692038,58.089
-71.182564635,43.057692041,58.088
-71.182564641,43.057692045,58.087
-71.182564648,43.057692048,58.086
-71.182564654,43.057692051,58.085
-71.182564660,43.057692054,58.084
-71.182564667,43.057692057,58.083
-71.182564674,43.057692060,58.083
-71.182564681,43.057692062,58.082
-71.182564688,43.057692064,58.082
-71.182564695,43.057692067,58.081
-71.182564702,43.057692069,58.081
-71.182564709,43.057692071,58.080
-71.182564717,43.057692073,58.080
-71.182564724,43.057692075,58.080
-71.182564732,43.057692077,58.080
-71.182564740,43.057692078,58.080
-71.182564748,43.057692079,58.080
-71.182564757,43.057692079,58.080
-71.182564768,43.057692079,58.080
-71.182564779,43.057692078,58.080
-71.182564790,43.057692077,58.081
-71.182564801,43.057692077,58.081
-71.182564811,43.057692076,58.081
-71.182564822,43.057692075,58.082
-71.182564833,43.057692074,58.082
-71.182564843,43.057692073,58.082
-71.182564854,43.057692073,58.083
-71.182564864,43.057692072,58.083
-71.182564874,43.057692071,58.084
-71.182564885,43.057692069,58.084
-71.182564895,43.057692068,58.085
-71.182564905,43.057692067,58.086
-71.182564915,43.057692065,58.087
-71.182564925,43.057692064,58.088
-71.182564935,43.057692062,58.089
-71.182564945,43.057692060,58.089
-71.182564954,43.057692058,58.091
-71.182564963,43.057692056,58.092
-71.182564971,43.057692054,58.093
-71.182564980,43.057692052,58.094
-71.182564988,43.057692050,58.095
-71.182564997,43.057692048,58.096
-71.182565005,43.057692045,58.097
-71.182565014,43.057692043,58.098
-71.182565022,43.057692040,58.100
-71.182565031,43.057692038,58.101
-71.182565039,43.057692035,58.102
-71.182565047,43.057692033,58.103
-71.182565054,43.057692031,58.104
-71.182565062,43.057692029,58.106
-71.182565069,43.057692027,58.107
-71.182565076,43.057692025,58.108
-71.182565083,43.057692023,58.109
-71.182565091,43.057692020,58.110
-71.182565100,43.057692018,58.112
-71.182565107,43.057692015,58.113
-71.182565114,43.057692013,58.114
-71.182565122,43.057692011,58.115
-71.182565130,43.057692008,58.116
-71.182565138,43.057692006,58.117
-71.182565145,43.057692003,58.118
-71.182565153,43.057692001,58.119
-71.182565161,43.057691999,58.120
-71.182565168,43.057691997,58.121
-71.182565175,43.057691997,58.121
-71.182565182,43.057691996,58.122
-71.182565188,43.057691996,58.122
-71.182565195,43.057691995,58.123
-71.182565201,43.057691995,58.123
-71.182565207,43.057691995,58.124
-71.182565213,43.057691995,58.124
-71.182565219,43.057691995,58.124
-71.182565225,43.057691995,58.125
-71.182565231,43.057691995,58.125
-71.182565236,43.057691994,58.125
-71.182565241,43.057691994,58.126
-71.182565246,43.057691994,58.126
-71.182565250,43.057691994,58.126
-71.182565255,43.057691993,58.127
-71.182565260,43.057691992,58.127
-71.182565264,43.057691992,58.128
-71.182565268,43.057691991,58.128
-71.182565272,43.057691991,58.129
-71.182565274,43.057691991,58.129
-71.182565276,43.057691991,58.130
-71.182565279,43.057691991,58.131
-71.182565282,43.057691991,58.131
-71.182565285,43.057691991,58.131
-71.182565288,43.057691991,58.132
-71.182565292,43.057691991,58.132
-71.182565295,43.057691991,58.132
-71.182565298,43.057691990,58.132
-71.182565301,43.057691989,58.133
-71.182565303,43.057691988,58.133
-71.182565304,43.057691987,58.133
-71.182565307,43.057691986,58.134
-71.182565309,43.057691984,58.134
-71.182565312,43.057691982,58.135
-71.182565315,43.057691980,58.135
-71.182565318,43.057691977,58.135
-71.182565320,43.057691975,58.136
-71.182565323,43.057691972,58.137
-71.182565324,43.057691970,58.137
-71.182565326,43.057691968,58.138
-71.182565328,43.057691965,58.139
-71.182565330,43.057691962,58.139
-71.182565332,43.057691958,58.140
-71.182565334,43.057691956,58.141
-71.182565335,43.057691954,58.141
-71.182565336,43.057691952,58.142
-71.182565337,43.057691949,58.143
-71.182565339,43.057691946,58.143
-71.182565340,43.057691943,58.144
-71.182565342,43.057691940,58.145
-71.182565343,43.057691938,58.145
-71.182565343,43.057691935,58.146
-71.182565345,43.057691932,58.146
-71.182565345,43.057691929,58.147
-71.182565346,43.057691927,58.148
-71.182565346,43.057691924,58.148
-71.182565347,43.057691921,58.149
-71.182565349,43.057691919,58.149
-71.182565350,43.057691916,58.150
-71.182565351,43.057691913,58.151
-71.182565353,43.057691910,58.151
-71.182565354,43.057691907,58.152
-71.182565354,43.057691904,58.153
-71.182565355,43.057691901,58.153
-71.182565356,43.057691898,58.154
-71.182565357,43.057691895,58.155
-71.182565359,43.057691891,58.155
-71.182565360,43.057691887,58.156
-71.182565362,43.057691883,58.157
-71.182565364,43.057691880,58.157
-71.182565365,43.057691876,58.158
-71.182565367,43.057691872,58.159
-71.182565368,43.057691868,58.160
-71.182565370,43.057691864,58.161
-71.182565372,43.057691860,58.162
-71.182565373,43.057691856,58.162
-71.182565374,43.057691852,58.163
-71.182565376,43.057691848,58.164
-71.182565377,43.057691844,58.165
-71.182565379,43.057691840,58.166
-71.182565380,43.057691836,58.167
-71.182565381,43.057691832,58.167
-71.182565382,43.057691828,58.168
-71.182565384,43.057691823,58.169
-71.182565385,43.057691819,58.170
-71.182565386,43.057691815,58.171
-71.182565387,43.057691811,58.172
-71.182565389,43.057691807,58.173
-71.182565390,43.057691802,58.174
-71.182565392,43.057691798,58.175
-71.182565393,43.057691794,58.176
-71.182565394,43.057691790,58.177
-71.182565395,43.057691786,58.178
-71.182565396,43.057691782,58.179
-71.182565397,43.057691778,58.180
-71.182565398,43.057691774,58.182
-71.182565399,43.057691769,58.183
-71.182565399,43.057691765,58.184
-71.182565400,43.057691761,58.185
-71.182565401,43.057691757,58.186
-71.182565401,43.057691753,58.187
-71.182565401,43.057691749,58.188
-71.182565402,43.057691744,58.189
-71.182565402,43.057691740,58.190
-71.182565402,43.057691736,58.191
-71.182565402,43.057691732,58.192
-71.182565402,43.057691728,58.193
-71.182565401,43.057691724,58.194
-71.182565401,43.057691720,58.195
-71.182565402,43.057691716,58.196
-71.182565402,43.057691712,58.197
-71.182565402,43.057691708,58.198
-71.182565402,43.057691704,58.198
-71.182565402,43.057691700,58.199
-71.182565402,43.057691696,58.200
-71.182565402,43.057691691,58.201
-71.182565402,43.057691687,58.202
-71.182565402,43.057691683,58.202
-71.182565402,43.057691679,58.203
-71.182565403,43.057691675,58.203
-71.182565403,43.057691671,58.204
-71.182565403,43.057691667,58.205
-71.182565404,43.057691663,58.205
-71.182565405,43.057691659,58.206
-71.182565406,43.057691655,58.206
-71.182565406,43.057691651,58.207
-71.182565407,43.057691647,58.207
-71.182565408,43.057691642,58.208
-71.182565410,43.057691638,58.208
-71.182565411,43.057691634,58.208
-71.182565412,43.057691630,58.209
-71.182565413,43.057691626,58.209
-71.182565415,43.057691622,58.210
-71.182565416,43.057691617,58.210
-71.182565418,43.057691613,58.210
-71.182565420,43.057691609,58.211
-71.182565421,43.057691605,58.211
-71.182565423,43.057691602,58.212
-71.182565424,43.057691598,58.212
-71.182565426,43.057691594,58.212
-71.182565428,43.057691591,58.213
-71.182565429,43.057691588,58.213
-71.182565431,43.057691584,58.214
-71.182565432,43.057691581,58.214
-71.182565434,43.057691578,58.215
-71.182565435,43.057691575,58.215
-71.182565437,43.057691572,58.216
-71.182565439,43.057691569,58.217
-71.182565440,43.057691566,58.217
-71.182565442,43.057691564,58.218
-71.182565443,43.057691561,58.218
-71.182565445,43.057691558,58.219
-71.182565447,43.057691556,58.219
-71.182565449,43.057691553,58.220
-71.182565450,43.057691551,58.221
-71.182565452,43.057691548,58.221
-71.182565454,43.057691546,58.222
-71.182565456,43.057691544,58.223
-71.182565458,43.057691542,58.223
-71.182565461,43.057691539,58.224
-71.182565464,43.057691537,58.224
-71.182565468,43.057691535,58.225
-71.182565471,43.057691533,58.225
-71.182565475,43.057691532,58.226
-71.182565479,43.057691530,58.226
-71.182565483,43.057691529,58.227
-71.182565486,43.057691527,58.227
-71.182565490,43.057691526,58.228
-71.182565493,43.057691526,58.228
-71.182565495,43.057691525,58.228
-71.182565498,43.057691524,58.229
-71.182565500,43.057691524,58.229
-71.182565501,43.057691524,58.230
-71.182565503,43.057691524,58.230
-71.182565504,43.057691524,58.231
-71.182565506,43.057691525,58.232
-71.182565508,43.057691525,58.232
-71.182565510,43.057691525,58.233
-71.182565512,43.057691525,58.234
-71.182565514,43.057691525,58.234
-71.182565516,43.057691525,58.235
-71.182565519,43.057691525,58.236
-71.182565521,43.057691525,58.236
-71.182565523,43.057691525,58.237
-71.182565525,43.057691526,58.237
-71.182565526,43.057691526,58.238
-71.182565527,43.057691526,58.239
-71.182565528,43.057691527,58.239
-71.182565529,43.057691527,58.240
-71.182565530,43.057691528,58.240
-71.182565530,43.057691529,58.241
-71.182565530,43.057691530,58.241
-71.182565530,43.057691531,58.242
-71.182565531,43.057691532,58.242
-71.182565531,43.057691532,58.243
-71.182565531,43.057691533,58.243
-71.182565532,43.057691534,58.244
-71.182565532,43.057691535,58.244
-71.182565533,43.057691537,58.245
-71.182565533,43.057691538,58.245
-71.182565534,43.057691539,58.246
-71.182565534,43.057691540,58.246
-71.182565534,43.057691541,58.246
-71.182565535,43.057691542,58.247
-71.182565536,43.057691543,58.247
-71.182565537,43.057691545,58.248
-71.182565538,43.057691546,58.248
-71.182565539,43.057691547,58.249
-71.182565540,43.057691548,58.249
-71.182565541,43.057691549,58.249
-71.182565542,43.057691550,58.250
-71.182565543,43.057691551,58.250
-71.182565544,43.057691552,58.250
-71.182565545,43.057691553,58.250
-71.182565547,43.057691554,58.251
-71.182565548,43.057691555,58.251
-71.182565549,43.057691556,58.251
-71.182565550,43.057691557,58.252
-71.182565553,43.057691557,58.252
-71.182565555,43.057691558,58.252
-71.182565559,43.057691558,58.252
-71.182565563,43.057691558,58.252
-71.182565568,43.057691557,58.252
-71.182565573,43.057691557,58.252
-71.182565579,43.057691557,58.251
-71.182565584,43.057691556,58.251
-71.182565589,43.057691556,58.250
-71.182565594,43.057691556,58.250
-71.182565599,43.057691557,58.250
-71.182565603,43.057691557,58.249
-71.182565607,43.057691558,58.249
-71.182565611,43.057691559,58.248
-71.182565615,43.057691561,58.247
-71.182565619,43.057691562,58.247
-71.182565623,43.057691563,58.246
-71.182565626,43.057691565,58.245
-71.182565630,43.057691566,58.244
-71.182565633,43.057691567,58.244
-71.182565637,43.057691569,58.243
-71.182565640,43.057691570,58.242
-71.182565643,43.057691572,58.241
-71.182565647,43.057691573,58.241
-71.182565649,43.057691575,58.240
-71.182565652,43.057691577,58.239
-71.182565655,43.057691579,58.239
-71.182565658,43.057691581,58.238
-71.182565660,43.057691582,58.237
-71.182565663,43.057691584,58.236
-71.182565665,43.057691586,58.235
-71.182565667,43.057691588,58.234
-71.182565669,43.057691590,58.233
-71.182565672,43.057691592,58.232
-71.182565674,43.057691594,58.231
-71.182565676,43.057691595,58.230
-71.182565678,43.057691597,58.229
-71.182565680,43.057691599,58.229
-71.182565683,43.057691600,58.228
-71.182565685,43.057691602,58.227
-71.182565687,43.057691603,58.226
-71.182565689,43.057691605,58.225
-71.182565691,43.057691606,58.224
-71.182565694,43.057691608,58.223
-71.182565696,43.057691609,58.222
-71.182565699,43.057691610,58.221
-71.182565701,43.057691611,58.220
-71.182565703,43.057691612,58.220
-71.182565706,43.057691613,58.219
-71.182565708,43.057691614,58.218
-71.182565710,43.057691615,58.218
-71.182565712,43.057691616,58.217
-71.182565715,43.057691616,58.216
-71.182565717,43.057691617,58.215
-71.182565720,43.057691618,58.215
-71.182565722,43.057691618,58.214
-71.182565724,43.057691619,58.213
-71.182565727,43.057691619,58.213
-71.182565729,43.057691619,58.212
-71.182565732,43.057691620,58.211
-71.182565734,43.057691620,58.211
-71.182565737,43.057691620,58.210
-71.182565739,43.057691620,58.210
-71.182565741,43.057691621,58.209
-71.182565743,43.057691621,58.208
-71.182565743,43.057691621,58.208
-71.182565744,43.057691621,58.208
-71.182565743,43.057691621,58.207
-71.182565743,43.057691621,58.207
-71.182565743,43.057691621,58.207
-71.182565745,43.057691621,58.207
-71.182565747,43.057691620,58.206
-71.182565749,43.057691620,58.206
-71.182565750,43.057691620,58.206
-71.182565751,43.057691619,58.206
-71.182565752,43.057691619,58.205
-71.182565754,43.057691618,58.205
-71.182565755,43.057691618,58.205
-71.182565757,43.057691617,58.205
-71.182565758,43.057691617,58.204
-71.182565759,43.057691616,58.204
-71.182565759,43.057691616,58.204
-71.182565760,43.057691616,58.204
-71.182565761,43.057691615,58.204
-71.182565761,43.057691615,58.204
-71.182565762,43.057691615,58.203
-71.182565762,43.057691615,58.203
-71.182565761,43.057691615,58.203
-71.182565761,43.057691614,58.203
-71.182565760,43.057691614,58.203
-71.182565760,43.057691613,58.203
-71.182565760,43.057691613,58.203
-71.182565760,43.057691613,58.203
-71.182565760,43.057691612,58.203
-71.182565760,43.057691612,58.203
-71.182565760,43.057691611,58.203
-71.182565759,43.057691611,58.203
-71.182565759,43.057691611,58.203
-71.182565759,43.057691611,58.203
-71.182565759,43.057691610,58.204
-71.182565759,43.057691610,58.204
-71.182565759,43.057691610,58.204
-71.182565760,43.057691610,58.203
-71.182565761,43.057691610,58.203
-71.182565763,43.057691610,58.203
-71.182565764,43.057691611,58.203
-71.182565765,43.057691611,58.203
-71.182565766,43.057691611,58.203
-71.182565768,43.057691611,58.202
-71.182565769,43.057691612,58.202
-71.182565770,43.057691612,58.202
-71.182565771,43.057691612,58.201
-71.182565773,43.057691612,58.201
-71.182565774,43.057691613,58.200
-71.182565775,43.057691613,58.200
-71.182565776,43.057691614,58.199
-71.182565776,43.057691614,58.199
-71.182565778,43.057691615,58.198
-71.182565779,43.057691615,58.198
-71.182565780,43.057691615,58.198
-71.182565781,43.057691615,58.197
-71.182565782,43.057691616,58.197
-71.182565783,43.057691616,58.196
-71.182565784,43.057691616,58.196
-71.182565786,43.057691617,58.195
-71.182565787,43.057691617,58.194
-71.182565789,43.057691617,58.194
-71.182565792,43.057691617,58.193
-71.182565795,43.057691618,58.192
-71.182565798,43.057691618,58.192
-71.182565801,43.057691618,58.191
-71.182565804,43.057691618,58.190
-71.182565807,43.057691619,58.189
-71.182565810,43.057691619,58.188
-71.182565813,43.057691619,58.188
-71.182565816,43.057691619,58.187
-71.182565819,43.057691619,58.186
-71.182565821,43.057691619,58.185
-71.182565823,43.057691620,58.184
-71.182565825,43.057691620,58.183
-71.182565827,43.057691620,58.183
-71.182565829,43.057691619,58.182
-71.182565831,43.057691619,58.181
-71.182565832,43.057691618,58.180
-71.182565833,43.057691618,58.180
-71.182565834,43.057691618,58.179
-71.182565836,43.057691617,58.178
-71.182565837,43.057691617,58.178
-71.182565838,43.057691616,58.177
-71.182565839,43.057691615,58.177
-71.182565841,43.057691614,58.177
-71.182565842,43.057691613,58.176
-71.182565844,43.057691611,58.176
-71.182565845,43.057691610,58.176
-71.182565847,43.057691608,58.175
-71.182565848,43.057691607,58.175
-71.182565850,43.057691605,58.175
-71.182565851,43.057691603,58.175
-71.182565853,43.057691602,58.175
-71.182565854,43.057691600,58.175
-71.182565856,43.057691598,58.175
-71.182565857,43.057691596,58.174
-71.182565859,43.057691595,58.174
-71.182565860,43.057691593,58.174
-71.182565861,43.057691591,58.174
-71.182565863,43.057691589,58.175
-71.182565864,43.057691588,58.175
-71.182565865,43.057691586,58.175
-71.182565866,43.057691584,58.175
-71.182565868,43.057691582,58.175
-71.182565869,43.057691581,58.175
-71.182565870,43.057691579,58.175
-71.182565871,43.057691577,58.175
-71.182565873,43.057691576,58.175
-71.182565875,43.057691574,58.176
-71.182565876,43.057691572,58.176
-71.182565878,43.057691570,58.176
-71.182565879,43.057691568,58.176
-71.182565881,43.057691566,58.176
-71.182565882,43.057691564,58.177
-71.182565884,43.057691562,58.177
-71.182565886,43.057691560,58.177
-71.182565887,43.057691558,58.177
-71.182565889,43.057691556,58.177
-71.182565891,43.057691554,58.177
-71.182565892,43.057691552,58.178
-71.182565894,43.057691550,58.178
-71.182565896,43.057691548,58.178
-71.182565897,43.057691546,58.178
-71.182565899,43.057691544,58.178
-71.182565900,43.057691542,58.179
-71.182565902,43.057691540,58.179
-71.182565903,43.057691537,58.179
-71.182565904,43.057691535,58.179
-71.182565906,43.057691533,58.179
-71.182565907,43.057691531,58.179
-71.182565909,43.057691528,58.179
-71.182565910,43.057691526,58.180
-71.182565912,43.057691524,58.180
-71.182565914,43.057691521,58.180
-71.182565915,43.057691519,58.180
-71.182565917,43.057691516,58.180
-71.182565919,43.057691514,58.180
-71.182565921,43.057691512,58.180
-71.182565923,43.057691510,58.180
-71.182565925,43.057691507,58.180
-71.182565927,43.057691505,58.180
-71.182565929,43.057691503,58.180
-71.182565931,43.057691501,58.180
-71.182565933,43.057691499,58.180
-71.182565935,43.057691497,58.180
-71.182565935,43.057691495,58.180
-71.182565934,43.057691494,58.180
-71.182565933,43.057691493,58.180
-71.182565932,43.057691492,58.180
-71.182565930,43.057691491,58.179
-71.182565929,43.057691490,58.179
-71.182565929,43.057691489,58.178
-71.182565928,43.057691488,58.178
-71.182565928,43.057691488,58.177
-71.182565927,43.057691487,58.177
-71.182565927,43.057691486,58.176
-71.182565927,43.057691486,58.176
-71.182565927,43.057691485,58.175
-71.182565926,43.057691484,58.175
-71.182565926,43.057691484,58.175
-71.182565927,43.057691483,58.174
-71.182565927,43.057691483,58.174
-71.182565927,43.057691482,58.173
-71.182565926,43.057691482,58.173
-71.182565926,43.057691482,58.173
-71.182565926,43.057691481,58.172
-71.182565925,43.057691481,58.172
-71.182565925,43.057691481,58.172
-71.182565925,43.057691480,58.172
-71.182565925,43.057691480,58.171
-71.182565925,43.057691480,58.171
-71.182565925,43.057691479,58.171
-71.182565924,43.057691480,58.171
-71.182565924,43.057691480,58.171
-71.182565924,43.057691480,58.171
-71.182565924,43.057691480,58.171
-71.182565924,43.057691480,58.171
-71.182565925,43.057691479,58.171
-71.182565925,43.057691479,58.171
-71.182565925,43.057691478,58.170
-71.182565926,43.057691478,58.170
-71.182565927,43.057691477,58.170
-71.182565928,43.057691476,58.170
-71.182565930,43.057691475,58.170
-71.182565931,43.057691474,58.170
-71.182565933,43.057691472,58.170
-71.182565935,43.057691471,58.170
-71.182565936,43.057691470,58.170
-71.182565938,43.057691469,58.169
-71.182565939,43.057691468,58.169
-71.182565941,43.057691468,58.169
-71.182565943,43.057691467,58.169
-71.182565944,43.057691466,58.169
-71.182565946,43.057691465,58.168
-71.182565947,43.057691464,58.168
-71.182565949,43.057691463,58.168
-71.182565952,43.057691462,58.168
-71.182565954,43.057691461,58.168
-71.182565956,43.057691460,58.167
-71.182565959,43.057691459,58.167
-71.182565961,43.057691459,58.167
-71.182565963,43.057691458,58.167
-71.182565964,43.057691457,58.167
-71.182565966,43.057691457,58.167
-71.182565967,43.057691456,58.166
-71.182565969,43.057691455,58.166
-71.182565971,43.057691454,58.166
-71.182565974,43.057691454,58.166
-71.182565976,43.057691453,58.166
-71.182565978,43.057691452,58.166
-71.182565980,43.057691451,58.165
-71.182565983,43.057691451,58.165
-71.182565985,43.057691450,58.165
-71.182565987,43.057691449,58.165
-71.182565989,43.057691448,58.165
-71.182565991,43.057691447,58.165
-71.182565993,43.057691447,58.164
-71.182565995,43.057691446,58.164
-71.182565998,43.057691445,58.164
-71.182566000,43.057691444,58.164
-71.182566002,43.057691443,58.164
-71.182566004,43.057691443,58.164
-71.182566006,43.057691442,58.164
-71.182566008,43.057691441,58.164
-71.182566009,43.057691441,58.164
-71.182566011,43.057691440,58.164
-71.182566012,43.057691439,58.164
-71.182566014,43.057691438,58.164
-71.182566015,43.057691437,58.164
-71.182566016,43.057691436,58.164
-71.182566018,43.057691436,58.163
-71.182566019,43.057691435,58.163
-71.182566020,43.057691434,58.163
-71.182566022,43.057691433,58.163
-71.182566024,43.057691432,58.163
-71.182566025,43.057691431,58.162
-71.182566027,43.057691431,58.162
-71.182566029,43.057691430,58.162
-71.182566031,43.057691429,58.161
-71.182566032,43.057691429,58.161
-71.182566035,43.057691428,58.161
-71.182566037,43.057691426,58.161
-71.182566039,43.057691425,58.160
-71.182566041,43.057691424,58.160
-71.182566043,43.057691423,58.160
-71.182566044,43.057691422,58.159
-71.182566046,43.057691421,58.159
-71.182566047,43.057691420,58.159
-71.182566048,43.057691420,58.159
-71.182566049,43.057691419,58.159
-71.182566051,43.057691418,58.158
-71.182566052,43.057691417,58.158
-71.182566053,43.057691417,58.158
-71.182566055,43.057691416,58.158
-71.182566056,43.057691416,58.157
-71.182566058,43.057691415,58.157
-71.182566059,43.057691415,58.156
-71.182566061,43.057691414,58.156
-71.182566063,43.057691414,58.156
-71.182566064,43.057691414,58.155
-71.182566066,43.057691413,58.155
-71.182566068,43.057691413,58.154
-71.182566070,43.057691412,58.154
-71.182566071,43.057691412,58.153
-71.182566072,43.057691412,58.153
-71.182566073,43.057691412,58.152
-71.182566074,43.057691412,58.152
-71.182566075,43.057691412,58.152
-71.182566076,43.057691412,58.151
-71.182566077,43.057691412,58.151
-71.182566078,43.057691412,58.150
-71.182566079,43.057691412,58.150
-71.182566079,43.057691413,58.150
-71.182566080,43.057691413,58.149
-71.182566081,43.057691413,58.149
-71.182566081,43.057691413,58.149
-71.182566082,43.057691414,58.148
-71.182566082,43.057691414,58.148
-71.182566083,43.057691415,58.147
-71.182566084,43.057691415,58.147
-71.182566085,43.057691416,58.147
-71.182566085,43.057691416,58.146
-71.182566086,43.057691417,58.146
-71.182566086,43.057691418,58.146
-71.182566086,43.057691420,58.145
-71.182566086,43.057691421,58.145
-71.182566086,43.057691422,58.144
-71.182566086,43.057691423,58.144
-71.182566086,43.057691425,58.143
-71.182566086,43.057691426,58.143
-71.182566086,43.057691427,58.143
-71.182566087,43.057691428,58.143
-71.182566087,43.057691429,58.142
-71.182566087,43.057691430,58.142
-71.182566087,43.057691431,58.142
-71.182566087,43.057691431,58.142
-71.182566088,43.057691432,58.142
-71.182566088,43.057691432,58.142
-71.182566089,43.057691432,58.142
-71.182566090,43.057691432,58.142
-71.182566090,43.057691432,58.142
-71.182566091,43.057691433,58.142
-71.182566091,43.057691433,58.142
-71.182566091,43.057691433,58.142
-71.182566092,43.057691433,58.142
-71.182566092,43.057691434,58.142
-71.182566092,43.057691434,58.142
-71.182566091,43.057691434,58.142
-71.182566091,43.057691435,58.143
-71.182566091,43.057691435,58.143
-71.182566091,43.057691436,58.143
-71.182566090,43.057691436,58.143
-71.182566090,43.057691437,58.143
-71.182566090,43.057691437,58.144
-71.182566090,43.057691438,58.144
-71.182566090,43.057691438,58.144
-71.182566090,43.057691438,58.144
-71.182566090,43.057691439,58.145
-71.182566090,43.057691439,58.145
-71.182566090,43.057691440,58.145
-71.182566089,43.057691440,58.146
-71.182566089,43.057691441,58.146
-71.182566088,43.057691441,58.146
-71.182566088,43.057691442,58.146
-71.182566087,43.057691443,58.147
-71.182566086,43.057691443,58.147
-71.182566086,43.057691444,58.148
-71.182566085,43.057691444,58.148
-71.182566084,43.057691444,58.148
-71.182566083,43.057691444,58.149
-71.182566082,43.057691444,58.149
-71.182566081,43.057691443,58.150
-71.182566080,43.057691443,58.150
-71.182566079,43.057691443,58.150
-71.182566079,43.057691442,58.151
-71.182566078,43.057691442,58.151
-71.182566077,43.057691441,58.152
-71.182566076,43.057691441,58.152
-71.182566075,43.057691441,58.152
-71.182566073,43.057691442,58.152
-71.182566071,43.057691443,58.153
-71.182566068,43.057691444,58.153
-71.182566066,43.057691445,58.153
-71.182566063,43.057691446,58.153
-71.182566060,43.057691447,58.153
-71.182566058,43.057691448,58.153
-71.182566056,43.057691449,58.153
-71.182566054,43.057691450,58.154
-71.182566051,43.057691450,58.154
-71.182566049,43.057691451,58.154
-71.182566047,43.057691452,58.154
-71.182566045,43.057691453,58.154
-71.182566043,43.057691453,58.154
-71.182566041,43.057691454,58.154
-71.182566038,43.057691455,58.154
-71.182566036,43.057691455,58.154
-71.182566033,43.057691456,58.154
-71.182566030,43.057691456,58.154
-71.182566028,43.057691457,58.154
-71.182566026,43.057691457,58.154
-71.182566023,43.057691458,58.154
-71.182566021,43.057691458,58.154
-71.182566019,43.057691459,58.154
-71.182566017,43.057691459,58.154
-71.182566015,43.057691459,58.154
-71.182566013,43.057691459,58.154
-71.182566012,43.057691460,58.154
-71.182566011,43.057691460,58.154
-71.182566009,43.057691460,58.154
-71.182566008,43.057691460,58.154
-71.182566007,43.057691460,58.154
-71.182566005,43.057691460,58.154
-71.182566004,43.057691459,58.154
-71.182566002,43.057691459,58.154
-71.182566000,43.057691459,58.154
-71.182565998,43.057691459,58.154
-71.182565995,43.057691459,58.153
-71.182565993,43.057691458,58.153
-71.182565991,43.057691458,58.153
-71.182565989,43.057691456,58.153
-71.182565987,43.057691455,58.153
-71.182565985,43.057691454,58.153
-71.182565983,43.057691453,58.152
-71.182565981,43.057691452,58.152
-71.182565978,43.057691452,58.152
-71.182565975,43.057691451,58.151
-71.182565973,43.057691451,58.151
-71.182565970,43.057691451,58.151
-71.182565967,43.057691451,58.150
-71.182565964,43.057691452,58.150
-71.182565960,43.057691452,58.150
-71.182565956,43.057691452,58.150
-71.182565951,43.057691452,58.149
-71.182565948,43.057691452,58.149
-71.182565945,43.057691453,58.149
-71.182565942,43.057691453,58.149
-71.182565939,43.057691453,58.149
-71.182565936,43.057691454,58.148
-71.182565933,43.057691454,58.148
-71.182565931,43.057691455,58.148
-71.182565928,43.057691455,58.148
-71.182565925,43.057691456,58.147
-71.182565923,43.057691456,58.147
-71.182565920,43.057691457,58.147
-71.182565918,43.057691457,58.147
-71.182565916,43.057691458,58.146
-71.182565914,43.057691459,58.146
-71.182565912,43.057691459,58.146
-71.182565910,43.057691460,58.146
-71.182565909,43.057691461,58.146
-71.182565907,43.057691462,58.146
-71.182565905,43.057691462,58.145
-71.182565902,43.057691463,58.145
-71.182565900,43.057691463,58.145
-71.182565899,43.057691464,58.145
-71.182565896,43.057691465,58.144
-71.182565894,43.057691465,58.144
-71.182565891,43.057691466,58.144
-71.182565889,43.057691467,58.144
-71.182565886,43.057691467,58.144
-71.182565883,43.057691468,58.144
-71.182565881,43.057691469,58.143
-71.182565878,43.057691470,58.143
-71.182565876,43.057691471,58.143
-71.182565873,43.057691471,58.143
-71.182565870,43.057691472,58.143
-71.182565867,43.057691473,58.143
-71.182565865,43.057691474,58.143
-71.182565862,43.057691475,58.143
-71.182565859,43.057691476,58.143
-71.182565856,43.057691477,58.143
-71.182565853,43.057691478,58.142
-71.182565850,43.057691479,58.142
-71.182565847,43.057691480,58.142
-71.182565844,43.057691480,58.143
-71.182565841,43.057691481,58.143
-71.182565838,43.057691482,58.143
-71.182565835,43.057691483,58.143
-71.182565832,43.057691483,58.143
-71.182565829,43.057691484,58.143
-71.182565826,43.057691484,58.143
-71.182565823,43.057691484,58.143
-71.182565821,43.057691485,58.143
-71.182565818,43.057691485,58.143
-71.182565815,43.057691486,58.143
-71.182565813,43.057691486,58.142
-71.182565810,43.057691486,58.142
-71.182565807,43.057691487,58.142
-71.182565805,43.057691487,58.142
-71.182565802,43.057691488,58.142
-71.182565800,43.057691488,58.142
-71.182565798,43.057691488,58.142
-71.182565795,43.057691489,58.142
-71.182565793,43.057691489,58.142
-71.182565790,43.057691489,58.142
-71.182565787,43.057691490,58.142
-71.182565785,43.057691490,58.142
-71.182565782,43.057691491,58.142
-71.182565780,43.057691491,58.142
-71.182565777,43.057691491,58.142
-71.182565775,43.057691492,58.142
-71.182565772,43.057691492,58.141
-71.182565769,43.057691493,58.141
-71.182565766,43.057691494,58.141
-71.182565763,43.057691494,58.141
-71.182565760,43.057691495,58.141
-71.182565758,43.057691495,58.141
-71.182565755,43.057691495,58.141
-71.182565752,43.057691496,58.141
-71.182565749,43.057691496,58.141
-71.182565747,43.057691497,58.140
-71.182565744,43.057691497,58.140
-71.182565741,43.057691498,58.140
-71.182565738,43.057691498,58.140
-71.182565736,43.057691499,58.140
-71.182565733,43.057691499,58.140
-71.182565730,43.057691500,58.139
-71.182565727,43.057691500,58.139
-71.182565724,43.057691501,58.139
-71.182565722,43.057691501,58.139
-71.182565719,43.057691502,58.139
-71.182565716,43.057691502,58.139
-71.182565713,43.057691503,58.138
-71.182565710,43.057691504,58.138
-71.182565708,43.057691504,58.138
-71.182565705,43.057691505,58.138
-71.182565702,43.057691505,58.138
-71.182565700,43.057691506,58.137
-71.182565697,43.057691507,58.137
-71.182565694,43.057691507,58.137
-71.182565691,43.057691508,58.137
-71.182565689,43.057691509,58.137
-71.182565686,43.057691510,58.137
-71.182565684,43.057691511,58.136
-71.182565681,43.057691511,58.136
-71.182565678,43.057691512,58.136
-71.182565676,43.057691513,58.136
-71.182565673,43.057691514,58.136
-71.182565670,43.057691515,58.136
-71.182565668,43.057691516,58.135
-71.182565665,43.057691518,58.135
-71.182565662,43.057691519,58.135
-71.182565660,43.057691520,58.135
-71.182565657,43.057691521,58.135
-71.182565654,43.057691522,58.135
-71.182565652,43.057691523,58.135
-71.182565649,43.057691524,58.135
-71.182565646,43.057691525,58.135
-71.182565644,43.057691526,58.135
-71.182565641,43.057691527,58.134
-71.182565638,43.057691528,58.134
-71.182565636,43.057691530,58.134
-71.182565633,43.057691531,58.134
-71.182565631,43.057691532,58.134
-71.182565628,43.057691534,58.134
-71.182565626,43.057691535,58.134
-71.182565623,43.057691536,58.134
-71.182565621,43.057691538,58.134
-71.182565618,43.057691539,58.134
-71.182565616,43.057691540,58.133
-71.182565613,43.057691542,58.133
-71.182565611,43.057691543,58.133
-71.182565609,43.057691545,58.133
-71.182565607,43.057691546,58.133
-71.182565605,43.057691548,58.133
-71.182565603,43.057691549,58.133
-71.182565601,43.057691551,58.133
-71.182565600,43.057691552,58.133
-71.182565598,43.057691554,58.133
-71.182565596,43.057691555,58.133
-71.182565594,43.057691557,58.133
-71.182565592,43.057691558,58.132
-71.182565590,43.057691560,58.132
-71.182565589,43.057691562,58.132
-71.182565587,43.057691563,58.132
-71.182565585,43.057691565,58.132
-71.182565583,43.057691567,58.132
-71.182565581,43.057691568,58.132
-71.182565579,43.057691570,58.132
-71.182565577,43.057691572,58.132
-71.182565576,43.057691573,58.132
-71.182565574,43.057691575,58.132
-71.182565572,43.057691577,58.132
-71.182565570,43.057691579,58.132
-71.182565568,43.057691581,58.132
-71.182565566,43.057691582,58.132
-71.182565564,43.057691584,58.132
-71.182565562,43.057691586,58.132
-71.182565560,43.057691588,58.132
-71.182565557,43.057691590,58.132
-71.182565555,43.057691592,58.132
-71.182565553,43.057691593,58.132
-71.182565551,43.057691595,58.132
-71.182565549,43.057691597,58.132
-71.182565546,43.057691599,58.132
-71.182565544,43.057691601,58.132
-71.182565542,43.057691602,58.132
-71.182565539,43.057691604,58.132
-71.182565537,43.057691606,58.132
-71.182565534,43.057691607,58.132
-71.182565532,43.057691609,58.132
-71.182565529,43.057691611,58.132
-71.182565527,43.057691612,58.132
-71.182565524,43.057691614,58.132
-71.182565521,43.057691615,58.132
-71.182565518,43.057691617,58.131
-71.182565515,43.057691618,58.131
-71.182565512,43.057691620,58.131
-71.182565509,43.057691621,58.131
-71.182565507,43.057691623,58.131
-71.182565504,43.057691624,58.131
-71.182565501,43.057691625,58.131
-71.182565498,43.057691627,58.131
-71.182565495,43.057691628,58.131
-71.182565492,43.057691630,58.131
-71.182565489,43.057691631,58.131
-71.182565486,43.057691632,58.131
-71.182565483,43.057691634,58.131
-71.182565480,43.057691635,58.131
-71.182565477,43.057691636,58.131
-71.182565473,43.057691637,58.131
-71.182565470,43.057691639,58.131
-71.182565467,43.057691640,58.131
-71.182565464,43.057691641,58.131
-71.182565460,43.057691642,58.131
-71.182565457,43.057691644,58.131
-71.182565454,43.057691645,58.131
-71.182565451,43.057691646,58.130
-71.182565447,43.057691647,58.130
-71.182565444,43.057691648,58.130
-71.182565441,43.057691650,58.130
-71.182565437,43.057691651,58.130
-71.182565434,43.057691652,58.130
-71.182565431,43.057691653,58.130
-71.182565428,43.057691655,58.130
-71.182565424,43.057691656,58.130
-71.182565421,43.057691657,58.129
-71.182565418,43.057691658,58.129
-71.182565415,43.057691660,58.129
-71.182565411,43.057691661,58.129
-71.182565408,43.057691662,58.129
-71.182565405,43.057691664,58.129
-71.182565402,43.057691665,58.129
-71.182565398,43.057691666,58.129
-71.182565395,43.057691667,58.128
-71.182565392,43.057691669,58.128
-71.182565389,43.057691670,58.128
-71.182565386,43.057691671,58.128
-71.182565383,43.057691673,58.128
-71.182565379,43.057691674,58.128
-71.182565377,43.057691675,58.127
-71.182565374,43.057691677,58.127
-71.182565371,43.057691678,58.127
-71.182565368,43.057691679,58.127
-71.182565365,43.057691681,58.127
-71.182565362,43.057691682,58.127
-71.182565359,43.057691683,58.127
-71.182565356,43.057691685,58.126
-71.182565353,43.057691686,58.126
-71.182565350,43.057691688,58.126
-71.182565347,43.057691689,58.126
-71.182565345,43.057691691,58.126
-71.182565342,43.057691692,58.125
-71.182565339,43.057691693,58.125
-71.182565336,43.057691695,58.125
-71.182565333,43.057691696,58.125
-71.182565331,43.057691698,58.125
-71.182565328,43.057691700,58.125
-71.182565325,43.057691701,58.125
-71.182565322,43.057691703,58.125
-71.182565320,43.057691704,58.124
-71.182565317,43.057691706,58.124
-71.182565314,43.057691708,58.124
-71.182565312,43.057691710,58.124
-71.182565309,43.057691711,58.124
-71.182565306,43.057691713,58.124
-71.182565304,43.057691715,58.124
-71.182565301,43.057691717,58.123
-71.182565299,43.057691719,58.123
-71.182565296,43.057691720,58.123
-71.182565293,43.057691722,58.123
-71.182565291,43.057691724,58.123
-71.182565288,43.057691726,58.123
-71.182565285,43.057691727,58.122
-71.182565283,43.057691729,58.122
-71.182565280,43.057691731,58.122
-71.182565278,43.057691732,58.122
-71.182565275,43.057691734,58.122
-71.182565273,43.057691736,58.122
-71.182565270,43.057691737,58.121
-71.182565267,43.057691739,58.121
-71.182565265,43.057691741,58.121
-71.182565262,43.057691742,58.121
-71.182565260,43.057691744,58.121
-71.182565257,43.057691746,58.121
-71.182565255,43.057691747,58.120
-71.182565252,43.057691749,58.120
-71.182565249,43.057691751,58.120
-71.182565247,43.057691753,58.120
-71.182565244,43.057691754,58.119
-71.182565242,43.057691756,58.119
-71.182565239,43.057691758,58.119
-71.182565237,43.057691760,58.119
-71.182565234,43.057691762,58.119
-71.182565232,43.057691763,58.118
-71.182565230,43.057691765,58.118
-71.182565227,43.057691767,58.118
-71.182565225,43.057691769,58.118
-71.182565223,43.057691771,58.117
-71.182565221,43.057691773,58.117
-71.182565219,43.057691775,58.117
-71.182565217,43.057691777,58.117
-71.182565215,43.057691779,58.116
-71.182565213,43.057691781,58.116
-71.182565211,43.057691783,58.116
-71.182565209,43.057691785,58.116
-71.182565207,43.057691787,58.115
-71.182565205,43.057691789,58.115
-71.182565203,43.057691791,58.115
-71.182565201,43.057691793,58.115
-71.182565199,43.057691795,58.115
-71.182565197,43.057691798,58.115
-71.182565196,43.057691800,58.114
-71.182565194,43.057691802,58.114
-71.182565192,43.057691804,58.114
-71.182565190,43.057691807,58.114
-71.182565188,43.057691809,58.113
-71.182565186,43.057691811,58.113
-71.182565184,43.057691814,58.113
-71.182565182,43.057691816,58.113
-71.182565180,43.057691818,58.113
-71.182565179,43.057691820,58.112
-71.182565177,43.057691823,58.112
-71.182565176,43.057691825,58.112
-71.182565174,43.057691827,58.111
-71.182565173,43.057691830,58.111
-71.182565171,43.057691832,58.111
-71.182565170,43.057691834,58.111
-71.182565168,43.057691837,58.110
-71.182565167,43.057691839,58.110
-71.182565165,43.057691841,58.110
-71.182565164,43.057691844,58.109
-71.182565162,43.057691846,58.109
-71.182565160,43.057691848,58.109
-71.182565159,43.057691851,58.109
-71.182565157,43.057691853,58.108
-71.182565156,43.057691855,58.108
-71.182565154,43.057691857,58.108
-71.182565153,43.057691860,58.107
-71.182565151,43.057691862,58.107
-71.182565150,43.057691864,58.107
-71.182565148,43.057691866,58.106
-71.182565147,43.057691869,58.106
-71.182565145,43.057691871,58.106
-71.182565144,43.057691873,58.105
-71.182565142,43.057691875,58.105
-71.182565141,43.057691878,58.105
-71.182565139,43.057691880,58.104
-71.182565138,43.057691882,58.104
-71.182565137,43.057691884,58.104
-71.182565135,43.057691887,58.104
-71.182565134,43.057691889,58.103
-71.182565133,43.057691891,58.103
-71.182565131,43.057691893,58.103
-71.182565130,43.057691895,58.102
-71.182565128,43.057691897,58.102
-71.182565127,43.057691900,58.102
-71.182565126,43.057691902,58.101
-71.182565124,43.057691904,58.101
-71.182565123,43.057691906,58.101
-71.182565121,43.057691908,58.100
-71.182565120,43.057691910,58.100
-71.182565119,43.057691912,58.100
-71.182565117,43.057691914,58.099
-71.182565116,43.057691916,58.099
-71.182565114,43.057691918,58.098
-71.182565113,43.057691920,58.098
-71.182565112,43.057691922,58.098
-71.182565110,43.057691924,58.097
-71.182565109,43.057691926,58.097
-71.182565107,43.057691928,58.097
-71.182565106,43.057691930,58.096
-71.182565105,43.057691932,58.096
-71.182565103,43.057691934,58.096
-71.182565102,43.057691936,58.095
-71.182565101,43.057691938,58.095
-71.182565100,43.057691940,58.095
-71.182565098,43.057691942,58.094
-71.182565097,43.057691944,58.094
-71.182565096,43.057691946,58.094
-71.182565095,43.057691949,58.093
-71.182565093,43.057691951,58.093
-71.182565092,43.057691953,58.093
-71.182565091,43.057691955,58.092
-71.182565090,43.057691957,58.092
-71.182565088,43.057691959,58.092
-71.182565087,43.057691961,58.092
-71.182565086,43.057691963,58.091
-71.182565085,43.057691965,58.091
-71.182565084,43.057691967,58.091
-71.182565082,43.057691970,58.090
-71.182565081,43.057691972,58.090
-71.182565080,43.057691974,58.090
-71.182565079,43.057691976,58.090
-71.182565078,43.057691978,58.089
-71.182565077,43.057691981,58.089
-71.182565075,43.057691983,58.089
-71.182565074,43.057691985,58.088
-71.182565073,43.057691987,58.088
-71.182565072,43.057691989,58.088
-71.182565071,43.057691991,58.088
-71.182565069,43.057691992,58.087
-71.182565068,43.057691994,58.087
-71.182565067,43.057691996,58.087
-71.182565066,43.057691997,58.086
-71.182565065,43.057691999,58.086
-71.182565063,43.057692000,58.086
-71.182565062,43.057692002,58.085
-71.182565061,43.057692003,58.085
-71.182565060,43.057692005,58.084
-71.182565059,43.057692006,58.084
-71.182565058,43.057692008,58.084
-71.182565057,43.057692009,58.083
-71.182565056,43.057692011,58.083
-71.182565055,43.057692012,58.083
-71.182565054,43.057692013,58.082
-71.182565053,43.057692014,58.082
-71.182565052,43.057692016,58.081
-71.182565051,43.057692017,58.081
-71.182565050,43.057692018,58.080
-71.182565050,43.057692019,58.080
-71.182565049,43.057692020,58.079
-71.182565048,43.057692021,58.079
-71.182565048,43.057692022,58.078
-71.182565047,43.057692024,58.078
-71.182565047,43.057692025,58.077
-71.182565047,43.057692026,58.077
-71.182565046,43.057692027,58.076
-71.182565046,43.057692027,58.076
-71.182565046,43.057692028,58.075
-71.182565046,43.057692029,58.075
-71.182565046,43.057692030,58.074
-71.182565045,43.057692031,58.074
-71.182565045,43.057692032,58.073
-71.182565045,43.057692033,58.073
-71.182565045,43.057692034,58.072
-71.182565045,43.057692035,58.071
-71.182565045,43.057692035,58.071
-71.182565045,43.057692036,58.070
-71.182565045,43.057692037,58.070
-71.182565045,43.057692038,58.069
-71.182565045,43.057692039,58.068
-71.182565045,43.057692040,58.068
-71.182565045,43.057692041,58.067
-71.182565046,43.057692042,58.066
-71.182565046,43.057692043,58.066
-71.182565046,43.057692044,58.065
-71.182565045,43.057692045,58.065
-71.182565045,43.057692046,58.064
-71.182565045,43.057692046,58.063
-71.182565045,43.057692047,58.063
-71.182565045,43.057692047,58.062
-71.182565045,43.057692048,58.062
-71.182565045,43.057692048,58.061
-71.182565045,43.057692049,58.060
-71.182565045,43.057692049,58.060
-71.182565045,43.057692050,58.059
-71.182565044,43.057692050,58.059
-71.182565044,43.057692051,58.058
-71.182565044,43.057692051,58.057
-71.182565044,43.057692052,58.057
-71.182565044,43.057692052,58.056
-71.182565044,43.057692053,58.055
-71.182565044,43.057692053,58.055
-71.182565044,43.057692054,58.054
-71.182565044,43.057692054,58.053
-71.182565044,43.057692055,58.053
-71.182565044,43.057692055,58.052
-71.182565044,43.057692056,58.051
-71.182565044,43.057692056,58.051
-71.182565044,43.057692056,58.050
-71.182565044,43.057692057,58.050
-71.182565044,43.057692057,58.049
-71.182565043,43.057692058,58.048
-71.182565043,43.057692058,58.048
-71.182565043,43.057692059,58.047
-71.182565043,43.057692059,58.046
-71.182565043,43.057692059,58.046
-71.182565043,43.057692060,58.045
-71.182565042,43.057692060,58.044
-71.182565042,43.057692061,58.044
-71.182565042,43.057692061,58.043
-71.182565042,43.057692062,58.043
-71.182565042,43.057692062,58.042
-71.182565042,43.057692063,58.041
-71.182565041,43.057692063,58.041
-71.182565041,43.057692064,58.040
-71.182565041,43.057692064,58.040
-71.182565041,43.057692065,58.039
-71.182565041,43.057692065,58.038
-71.182565041,43.057692065,58.038
-71.182565040,43.057692066,58.037
-71.182565040,43.057692066,58.036
-71.182565040,43.057692067,58.036
-71.182565039,43.057692067,58.035
-71.182565039,43.057692067,58.034
-71.182565039,43.057692068,58.034
-71.182565038,43.057692068,58.033
-71.182565038,43.057692068,58.033
-71.182565037,43.057692069,58.032
-71.182565037,43.057692069,58.031
-71.182565036,43.057692069,58.031
-71.182565036,43.057692070,58.030
-71.182565036,43.057692070,58.029
-71.182565035,43.057692070,58.029
-71.182565034,43.057692071,58.028
-71.182565034,43.057692071,58.027
-71.182565033,43.057692071,58.027
-71.182565033,43.057692072,58.026
-71.182565032,43.057692072,58.025
-71.182565032,43.057692072,58.025
-71.182565031,43.057692072,58.024
-71.182565031,43.057692073,58.023
-71.182565030,43.057692073,58.023
-71.182565029,43.057692073,58.022
-71.182565029,43.057692073,58.021
-71.182565028,43.057692074,58.021
-71.182565027,43.057692074,58.020
-71.182565027,43.057692074,58.020
-71.182565026,43.057692074,58.019
-71.182565025,43.057692075,58.018
-71.182565025,43.057692075,58.017
-71.182565024,43.057692075,58.017
-71.182565023,43.057692075,58.016
-71.182565023,43.057692075,58.015
-71.182565022,43.057692076,58.015
-71.182565021,43.057692076,58.014
-71.182565020,43.057692076,58.013
-71.182565020,43.057692076,58.013
-71.182565019,43.057692076,58.012
-71.182565018,43.057692077,58.011
-71.182565018,43.057692077,58.010
-71.182565017,43.057692077,58.010
-71.182565017,43.057692077,58.009
-71.182565016,43.057692077,58.009
-71.182565015,43.057692077,58.008
-71.182565015,43.057692078,58.007
-71.182565014,43.057692078,58.007
-71.182565014,43.057692078,58.006
-71.182565013,43.057692078,58.005
-71.182565012,43.057692079,58.004
-71.182565012,43.057692079,58.004
-71.182565011,43.057692079,58.003
-71.182565011,43.057692079,58.002
-71.182565011,43.057692080,58.002
-71.182565010,43.057692080,58.001
-71.182565010,43.057692080,58.000
-71.182565009,43.057692081,58.000
-71.182565009,43.057692081,57.999
-71.182565009,43.057692082,57.998
-71.182565008,43.057692082,57.998
-71.182565008,43.057692083,57.997
-71.182565008,43.057692083,57.996
-71.182565007,43.057692083,57.996
-71.182565007,43.057692084,57.995
-71.182565007,43.057692084,57.994
-71.182565007,43.057692085,57.993
-71.182565006,43.057692085,57.993
-71.182565006,43.057692086,57.992
-71.182565006,43.057692086,57.991
-71.182565006,43.057692087,57.991
-71.182565005,43.057692087,57.990
-71.182565005,43.057692088,57.989
-71.182565005,43.057692088,57.989
-71.182565005,43.057692089,57.988
-71.182565005,43.057692089,57.987
-71.182565005,43.057692090,57.987
-71.182565005,43.057692090,57.986
-71.182565004,43.057692091,57.985
-71.182565004,43.057692091,57.984
-71.182565004,43.057692092,57.984
-71.182565004,43.057692092,57.983
-71.182565004,43.057692093,57.982
-71.182565004,43.057692094,57.981
-71.182565004,43.057692094,57.981
-71.182565004,43.057692095,57.980
-71.182565004,43.057692095,57.979
-71.182565004,43.057692096,57.979
-71.182565004,43.057692097,57.978
-71.182565004,43.057692097,57.977
-71.182565004,43.057692098,57.977
-71.182565004,43.057692099,57.976
-71.182565004,43.057692100,57.975
-71.182565004,43.057692101,57.974
-71.182565004,43.057692101,57.973
-71.182565004,43.057692102,57.973
-71.182565004,43.057692103,57.972
-71.182565004,43.057692104,57.971
-71.182565004,43.057692105,57.970
-71.182565004,43.057692106,57.970
-71.182565004,43.057692107,57.969
-71.182565005,43.057692108,57.968
-71.182565005,43.057692109,57.968
-71.182565005,43.057692110,57.967
-71.182565005,43.057692111,57.966
-71.182565005,43.057692113,57.965
-71.182565006,43.057692114,57.964
-71.182565006,43.057692115,57.964
-71.182565006,43.057692116,57.963
-71.182565006,43.057692117,57.962
-71.182565006,43.057692118,57.961
-71.182565007,43.057692119,57.961
-71.182565007,43.057692120,57.960
-71.182565007,43.057692121,57.959
-71.182565007,43.057692123,57.958
-71.182565008,43.057692124,57.958
-71.182565008,43.057692125,57.957
-71.182565008,43.057692126,57.956
-71.182565008,43.057692127,57.956
-71.182565009,43.057692129,57.955
-71.182565009,43.057692130,57.954
-71.182565009,43.057692131,57.953
-71.182565010,43.057692133,57.953
-71.182565010,43.057692134,57.952
-71.182565011,43.057692135,57.951
-71.182565011,43.057692136,57.951
-71.182565012,43.057692138,57.950
-71.182565012,43.057692139,57.949
-71.182565012,43.057692140,57.949
-71.182565012,43.057692142,57.948
-71.182565012,43.057692143,57.947
-71.182565013,43.057692145,57.947
-71.182565013,43.057692146,57.946
-71.182565013,43.057692148,57.945
-71.182565013,43.057692149,57.945
-71.182565014,43.057692151,57.944
-71.182565014,43.057692152,57.943
-71.182565014,43.057692154,57.943
-71.182565014,43.057692155,57.942
-71.182565014,43.057692157,57.942
-71.182565015,43.057692158,57.941
-71.182565015,43.057692160,57.940
-71.182565015,43.057692161,57.940
-71.182565016,43.057692163,57.939
-71.182565016,43.057692165,57.938
-71.182565016,43.057692166,57.938
-71.182565016,43.057692168,57.937
-71.182565017,43.057692170,57.937
-71.182565017,43.057692171,57.936
-71.182565018,43.057692173,57.935
-71.182565018,43.057692175,57.935
-71.182565018,43.057692177,57.934
-71.182565019,43.057692178,57.934
-71.182565019,43.057692180,57.933
-71.182565020,43.057692182,57.932
-71.182565020,43.057692184,57.932
-71.182565020,43.057692186,57.931
-71.182565021,43.057692187,57.931
-71.182565021,43.057692189,57.930
-71.182565022,43.057692191,57.930
-71.182565022,43.057692193,57.929
-71.182565023,43.057692195,57.928
-71.182565023,43.057692197,57.928
-71.182565024,43.057692198,57.927
-71.182565024,43.057692200,57.927
-71.182565025,43.057692202,57.926
-71.182565025,43.057692204,57.926
-71.182565026,43.057692206,57.925
-71.182565026,43.057692207,57.925
-71.182565027,43.057692209,57.924
-71.182565027,43.057692211,57.923
-71.182565028,43.057692213,57.923
-71.182565028,43.057692214,57.922
-71.182565029,43.057692216,57.922
-71.182565029,43.057692218,57.921
-71.182565030,43.057692219,57.921
-71.182565030,43.057692221,57.920
-71.182565031,43.057692223,57.919
-71.182565031,43.057692224,57.919
-71.182565032,43.057692226,57.918
-71.182565032,43.057692228,57.918
-71.182565033,43.057692229,57.917
-71.182565033,43.057692231,57.917
-71.182565034,43.057692233,57.916
-71.182565034,43.057692234,57.916
-71.182565035,43.057692236,57.915
-71.182565035,43.057692238,57.915
-71.182565036,43.057692239,57.914
-71.182565036,43.057692241,57.914
-71.182565037,43.057692243,57.913
-71.182565037,43.057692244,57.912
-71.182565038,43.057692246,57.912
-71.182565039,43.057692248,57.911
-71.182565039,43.057692249,57.911
-71.182565040,43.057692251,57.910
-71.182565040,43.057692253,57.910
-71.182565041,43.057692254,57.909
-71.182565041,43.057692256,57.909
-71.182565042,43.057692257,57.908
-71.182565042,43.057692259,57.908
-71.182565043,43.057692261,57.907
-71.182565044,43.057692262,57.906
-71.182565044,43.057692264,57.906
-71.182565045,43.057692266,57.906
-71.182565045,43.057692267,57.905
-71.182565045,43.057692269,57.905
-71.182565046,43.057692271,57.904
-71.182565046,43.057692273,57.903
-71.182565047,43.057692275,57.903
-71.182565047,43.057692277,57.902
-71.182565047,43.057692279,57.902
-71.182565047,43.057692281,57.901
-71.182565047,43.057692282,57.901
-71.182565047,43.057692284,57.900
-71.182565047,43.057692286,57.900
-71.182565047,43.057692288,57.899
-71.182565047,43.057692289,57.899
-71.182565047,43.057692291,57.898
-71.182565047,43.057692293,57.898
-71.182565048,43.057692295,57.897
-71.182565048,43.057692296,57.896
-71.182565048,43.057692298,57.896
-71.182565048,43.057692300,57.896
-71.182565048,43.057692302,57.895
-71.182565047,43.057692303,57.895
-71.182565047,43.057692305,57.894
-71.182565047,43.057692307,57.894
-71.182565047,43.057692308,57.893
-71.182565047,43.057692310,57.893
-71.182565047,43.057692312,57.892
-71.182565047,43.057692313,57.891
-71.182565046,43.057692315,57.891
-71.182565046,43.057692317,57.890
-71.182565046,43.057692318,57.890
-71.182565046,43.057692320,57.889
-71.182565045,43.057692322,57.889
-71.182565045,43.057692323,57.888
-71.182565044,43.057692325,57.888
-71.182565044,43.057692326,57.887
-71.182565044,43.057692328,57.887
-71.182565044,43.057692329,57.886
-71.182565044,43.057692331,57.886
-71.182565044,43.057692332,57.885
-71.182565044,43.057692334,57.885
-71.182565044,43.057692335,57.884
-71.182565044,43.057692337,57.884
-71.182565044,43.057692338,57.883
-71.182565043,43.057692340,57.883
-71.182565043,43.057692341,57.882
-71.182565043,43.057692342,57.882
-71.182565043,43.057692344,57.881
-71.182565043,43.057692345,57.880
-71.182565043,43.057692347,57.880
-71.182565043,43.057692348,57.879
-71.182565043,43.057692349,57.879
-71.182565043,43.057692351,57.878
-71.182565043,43.057692352,57.878
-71.182565043,43.057692354,57.877
-71.182565043,43.057692355,57.876
-71.182565043,43.057692357,57.876
-71.182565043,43.057692358,57.875
-71.182565043,43.057692359,57.875
-71.182565043,43.057692361,57.874
-71.182565043,43.057692362,57.873
-71.182565043,43.057692364,57.873
-71.182565043,43.057692365,57.872
-71.182565043,43.057692367,57.872
-71.182565043,43.057692368,57.871
-71.182565043,43.057692369,57.870
-71.182565044,43.057692371,57.870
-71.182565044,43.057692372,57.869
-71.182565044,43.057692374,57.869
-71.182565044,43.057692375,57.868
-71.182565044,43.057692377,57.867
-71.182565045,43.057692378,57.867
-71.182565045,43.057692379,57.866
-71.182565045,43.057692381,57.865
-71.182565045,43.057692382,57.865
-71.182565046,43.057692384,57.864
-71.182565046,43.057692385,57.864
-71.182565046,43.057692387,57.863
-71.182565047,43.057692388,57.863
-71.182565047,43.057692390,57.862
-71.182565048,43.057692391,57.861
-71.182565048,43.057692393,57.861
-71.182565049,43.057692394,57.860
-71.182565049,43.057692396,57.859
-71.182565049,43.057692397,57.859
-71.182565050,43.057692399,57.858
-71.182565050,43.057692400,57.858
-71.182565051,43.057692402,57.857
-71.182565051,43.057692404,57.856
-71.182565052,43.057692405,57.856
-71.182565052,43.057692407,57.855
-71.182565053,43.057692408,57.855
-71.182565053,43.057692410,57.854
-71.182565053,43.057692412,57.854
-71.182565054,43.057692413,57.853
-71.182565054,43.057692415,57.852
-71.182565055,43.057692417,57.852
-71.182565055,43.057692418,57.851
-71.182565055,43.057692420,57.851
-71.182565056,43.057692421,57.850
-71.182565056,43.057692423,57.849
-71.182565057,43.057692424,57.849
-71.182565057,43.057692426,57.848
-71.182565057,43.057692428,57.848
-71.182565058,43.057692429,57.847
-71.182565058,43.057692431,57.847
-71.182565058,43.057692432,57.846
-71.182565059,43.057692434,57.845
-71.182565059,43.057692435,57.845
-71.182565059,43.057692437,57.844
-71.182565060,43.057692438,57.844
-71.182565060,43.057692439,57.843
-71.182565060,43.057692441,57.843
-71.182565061,43.057692442,57.842
-71.182565061,43.057692444,57.842
-71.182565061,43.057692445,57.841
-71.182565062,43.057692447,57.841
-71.182565062,43.057692448,57.840
-71.182565062,43.057692449,57.839
-71.182565062,43.057692451,57.839
-71.182565063,43.057692452,57.838
-71.182565063,43.057692453,57.838
-71.182565063,43.057692455,57.837
-71.182565063,43.057692456,57.836
-71.182565063,43.057692458,57.836
-71.182565063,43.057692459,57.835
-71.182565064,43.057692460,57.835
-71.182565064,43.057692462,57.834
-71.182565064,43.057692463,57.833
-71.182565064,43.057692464,57.833
-71.182565064,43.057692466,57.832
-71.182565064,43.057692467,57.832
-71.182565064,43.057692468,57.831
-71.182565064,43.057692469,57.831
-71.182565064,43.057692471,57.830
-71.182565064,43.057692472,57.830
-71.182565064,43.057692473,57.829
-71.182565064,43.057692474,57.828
-71.182565064,43.057692476,57.828
-71.182565064,43.057692477,57.827
-71.182565064,43.057692478,57.827
-71.182565064,43.057692479,57.826
-71.182565064,43.057692481,57.825
-71.182565064,43.057692482,57.825
-71.182565064,43.057692483,57.824
-71.182565064,43.057692484,57.824
-71.182565064,43.057692485,57.823
-71.182565064,43.057692486,57.823
-71.182565064,43.057692488,57.822
-71.182565064,43.057692489,57.822
-71.182565064,43.057692490,57.821
-71.182565064,43.057692491,57.820
-71.182565064,43.057692492,57.820
-71.182565064,43.057692493,57.819
-71.182565064,43.057692494,57.819
-71.182565064,43.057692495,57.818
-71.182565064,43.057692497,57.818
-71.182565064,43.057692498,57.817
-71.182565064,43.057692499,57.816
-71.182565064,43.057692500,57.816
-71.182565064,43.057692501,57.815
-71.182565064,43.057692502,57.815
-71.182565064,43.057692503,57.814
-71.182565064,43.057692504,57.814
-71.182565064,43.057692505,57.813
-71.182565064,43.057692506,57.813
-71.182565064,43.057692507,57.812
-71.182565064,43.057692508,57.812
-71.182565064,43.057692509,57.811
-71.182565064,43.057692510,57.811
-71.182565064,43.057692511,57.810
-71.182565065,43.057692512,57.809
-71.182565065,43.057692513,57.809
-71.182565065,43.057692514,57.808
-71.182565065,43.057692515,57.808
-71.182565065,43.057692515,57.807
-71.182565065,43.057692516,57.807
-71.182565065,43.057692517,57.806
-71.182565065,43.057692518,57.806
-71.182565065,43.057692519,57.805
-71.182565065,43.057692520,57.805
-71.182565065,43.057692522,57.804
-71.182565066,43.057692523,57.803
-71.182565066,43.057692524,57.803
-71.182565066,43.057692525,57.802
-71.182565066,43.057692526,57.802
-71.182565066,43.057692526,57.802
-71.182565067,43.057692527,57.801
-71.182565067,43.057692528,57.800
-71.182565067,43.057692529,57.800
-71.182565068,43.057692530,57.799
-71.182565068,43.057692531,57.799
-71.182565068,43.057692532,57.798
-71.182565069,43.057692533,57.798
-71.182565069,43.057692534,57.797
-71.182565070,43.057692534,57.797
-71.182565070,43.057692535,57.796
-71.182565070,43.057692536,57.796
-71.182565071,43.057692537,57.795
-71.182565071,43.057692538,57.794
-71.182565072,43.057692539,57.794
-71.182565072,43.057692539,57.793
-71.182565073,43.057692540,57.793
-71.182565074,43.057692541,57.792
-71.182565074,43.057692542,57.792
-71.182565075,43.057692543,57.791
-71.182565075,43.057692544,57.791
-71.182565076,43.057692545,57.790
-71.182565077,43.057692545,57.790
-71.182565077,43.057692546,57.789
-71.182565078,43.057692547,57.788
-71.182565079,43.057692548,57.788
-71.182565079,43.057692549,57.787
-71.182565080,43.057692550,57.787
-71.182565081,43.057692551,57.786
-71.182565081,43.057692552,57.785
-71.182565082,43.057692553,57.785
-71.182565083,43.057692553,57.784
-71.182565084,43.057692554,57.784
-71.182565084,43.057692555,57.783
-71.182565085,43.057692556,57.783
-71.182565086,43.057692557,57.782
-71.182565087,43.057692558,57.781
-71.182565088,43.057692559,57.781
-71.182565089,43.057692560,57.780
-71.182565090,43.057692561,57.780
-71.182565091,43.057692562,57.779
-71.182565092,43.057692563,57.779
-71.182565093,43.057692564,57.778
-71.182565094,43.057692564,57.777
-71.182565095,43.057692565,57.777
-71.182565096,43.057692566,57.776
-71.182565097,43.057692567,57.776
-71.182565098,43.057692568,57.775
-71.182565100,43.057692569,57.774
-71.182565101,43.057692570,57.774
-71.182565102,43.057692571,57.773
-71.182565103,43.057692572,57.773
-71.182565104,43.057692572,57.772
-71.182565105,43.057692573,57.771
-71.182565106,43.057692574,57.771
-71.182565108,43.057692575,57.770
-71.182565109,43.057692576,57.770
-71.182565110,43.057692576,57.769
-71.182565111,43.057692577,57.768
-71.182565112,43.057692578,57.768
-71.182565113,43.057692579,57.767

