-71.233565990,43.774295860,248.120
-71.233565570,43.774296836,248.044
-71.233564319,43.774298324,247.997
-71.233563396,43.774299451,247.930
-71.233565282,43.774298382,247.939
-71.233566326,43.774297924,247.993
-71.233566952,43.774297709,248.035
-71.233567284,43.774297682,248.070
-71.233567401,43.774297760,248.102
-71.233567392,43.774297906,248.113
-71.233567304,43.774298082,248.119
-71.233566956,43.774298471,248.118
-71.233566802,43.774298709,248.111
-71.233566530,43.774298883,248.128
-71.233566365,43.774299100,248.152
-71.233566284,43.774299157,248.176
-71.233565993,43.774299293,248.181
-71.233565462,43.774299397,248.188
-71.233565035,43.774299384,248.216
-71.233564777,43.774299328,248.237
-71.233564643,43.774299296,248.242
-71.233564536,43.774299294,248.234
-71.233564322,43.774299306,248.229
-71.233564103,43.774299348,248.235
-71.233563941,43.774299397,248.241
-71.233563851,43.774299456,248.243
-71.233563702,43.774299555,248.249
-71.233563491,43.774299669,248.262
-71.233563230,43.774299792,248.284
-71.233562996,43.774299926,248.307
-71.233562716,43.774300073,248.327
-71.233562439,43.774300189,248.343
-71.233562156,43.774300284,248.358
-71.233561868,43.774300384,248.379
-71.233561550,43.774300553,248.405
-71.233561345,43.774300783,248.434
-71.233561218,43.774301013,248.455
-71.233561114,43.774301205,248.470
-71.233561010,43.774301369,248.482
-71.233560911,43.774301517,248.495
-71.233560885,43.774301647,248.503
-71.233560865,43.774301758,248.506
-71.233560781,43.774301839,248.514
-71.233560673,43.774301890,248.525
-71.233560550,43.774301915,248.539
-71.233560428,43.774301926,248.554
-71.233560268,43.774301955,248.570
-71.233560091,43.774301999,248.588
-71.233559944,43.774302025,248.604
-71.233559828,43.774302034,248.616
-71.233559720,43.774302050,248.627
-71.233559593,43.774302092,248.632
-71.233559478,43.774302124,248.634
-71.233559397,43.774302120,248.634
-71.233559354,43.774302079,248.633
-71.233559316,43.774302037,248.629
-71.233559279,43.774301960,248.624
-71.233559250,43.774301872,248.617
-71.233559158,43.774301814,248.608
-71.233559080,43.774301721,248.600
-71.233559013,43.774301579,248.592
-71.233558944,43.774301447,248.582
-71.233558895,43.774301330,248.575
-71.233558857,43.774301219,248.570
-71.233558830,43.774301087,248.567
-71.233558822,43.774300948,248.565
-71.233558830,43.774300830,248.563
-71.233558832,43.774300730,248.561
-71.233558860,43.774300632,248.558
-71.233558897,43.774300542,248.553
-71.233558962,43.774300473,248.547
-71.233558994,43.774300411,248.540
-71.233558961,43.774300362,248.532
-71.233558913,43.774300343,248.518
-71.233558863,43.774300340,248.505
-71.233558823,43.774300338,248.492
-71.233558793,43.774300339,248.480
-71.233558770,43.774300345,248.471
-71.233558752,43.774300341,248.465
-71.233558715,43.774300329,248.458
-71.233558669,43.774300318,248.450
-71.233558625,43.774300309,248.444
-71.233558594,43.774300293,248.442
-71.233558550,43.774300280,248.441
-71.233558511,43.774300265,248.439
-71.233558472,43.774300251,248.437
-71.233558439,43.774300240,248.435
-71.233558404,43.774300225,248.433
-71.233558381,43.774300212,248.431
-71.233558365,43.774300193,248.429
-71.233558351,43.774300165,248.425
-71.233558370,43.774300108,248.421
-71.233558391,43.774300051,248.419
-71.233558413,43.774300009,248.417
-71.233558441,43.774299967,248.415
-71.233558477,43.774299921,248.413
-71.233558520,43.774299872,248.412
-71.233558558,43.774299820,248.413
-71.233558594,43.774299766,248.412
-71.233558622,43.774299701,248.412
-71.233558657,43.774299650,248.411
-71.233558701,43.774299588,248.410
-71.233558731,43.774299543,248.407
-71.233558744,43.774299514,248.401
-71.233558772,43.774299483,248.396
-71.233558812,43.774299456,248.390
-71.233558849,43.774299427,248.383
-71.233558857,43.774299347,248.383
-71.233558903,43.774299274,248.386
-71.233558966,43.774299205,248.388
-71.233559022,43.774299148,248.391
-71.233559078,43.774299096,248.395
-71.233559139,43.774299032,248.399
-71.233559195,43.774298929,248.403
-71.233559244,43.774298826,248.405
-71.233559273,43.774298722,248.409
-71.233559287,43.774298617,248.413
-71.233559295,43.774298529,248.417
-71.233559312,43.774298446,248.421
-71.233559334,43.774298381,248.425
-71.233559362,43.774298335,248.432
-71.233559376,43.774298312,248.439
-71.233559384,43.774298308,248.446
-71.233559393,43.774298317,248.449
-71.233559397,43.774298334,248.449
-71.233559393,43.774298347,248.449
-71.233559404,43.774298374,248.446
-71.233559424,43.774298396,248.441
-71.233559458,43.774298426,248.435
-71.233559480,43.774298446,248.430
-71.233559487,43.774298460,248.429
-71.233559499,43.774298457,248.427
-71.233559524,43.774298422,248.425
-71.233559566,43.774298404,248.423
-71.233559621,43.774298413,248.420
-71.233559673,43.774298446,248.417
-71.233559722,43.774298483,248.415
-71.233559783,43.774298520,248.413
-71.233559843,43.774298556,248.409
-71.233559894,43.774298573,248.404
-71.233559928,43.774298595,248.400
-71.233559949,43.774298620,248.397
-71.233559975,43.774298652,248.395
-71.233559999,43.774298676,248.392
-71.233560010,43.774298685,248.390
-71.233560025,43.774298695,248.388
-71.233560073,43.774298693,248.386
-71.233560129,43.774298688,248.385
-71.233560196,43.774298700,248.385
-71.233560245,43.774298714,248.386
-71.233560287,43.774298697,248.389
-71.233560350,43.774298679,248.396
-71.233560415,43.774298665,248.401
-71.233560491,43.774298653,248.404
-71.233560566,43.774298657,248.402
-71.233560660,43.774298639,248.401
-71.233560765,43.774298606,248.404
-71.233560870,43.774298570,248.408
-71.233560966,43.774298533,248.413
-71.233561011,43.774298522,248.415
-71.233561044,43.774298515,248.415
-71.233561069,43.774298516,248.414
-71.233561110,43.774298499,248.415
-71.233561172,43.774298465,248.419
-71.233561230,43.774298433,248.422
-71.233561281,43.774298404,248.426
-71.233561352,43.774298376,248.431
-71.233561397,43.774298372,248.438
-71.233561435,43.774298369,248.443
-71.233561456,43.774298372,248.447
-71.233561455,43.774298386,248.448
-71.233561457,43.774298390,248.447
-71.233561476,43.774298380,248.446
-71.233561494,43.774298369,248.446
-71.233561502,43.774298363,248.445
-71.233561494,43.774298371,248.442
-71.233561476,43.774298384,248.438
-71.233561455,43.774298405,248.434
-71.233561433,43.774298419,248.430
-71.233561415,43.774298423,248.425
-71.233561393,43.774298437,248.420
-71.233561372,43.774298463,248.417
-71.233561377,43.774298476,248.416
-71.233561383,43.774298485,248.416
-71.233561402,43.774298486,248.420
-71.233561420,43.774298483,248.425
-71.233561433,43.774298492,248.428
-71.233561422,43.774298516,248.429
-71.233561432,43.774298531,248.430
-71.233561439,43.774298555,248.432
-71.233561433,43.774298586,248.434
-71.233561399,43.774298619,248.436
-71.233561375,43.774298648,248.438
-71.233561357,43.774298675,248.439
-71.233561353,43.774298698,248.439
-71.233561360,43.774298712,248.441
-71.233561348,43.774298733,248.443
-71.233561328,43.774298755,248.446
-71.233561307,43.774298773,248.450
-71.233561302,43.774298789,248.455
-71.233561289,43.774298808,248.461
-71.233561273,43.774298828,248.466
-71.233561256,43.774298848,248.471
-71.233561245,43.774298864,248.476
-71.233561243,43.774298871,248.481
-71.233561242,43.774298880,248.486
-71.233561229,43.774298893,248.490
-71.233561238,43.774298898,248.492
-71.233561246,43.774298905,248.494
-71.233561257,43.774298907,248.495
-71.233561279,43.774298899,248.496
-71.233561296,43.774298897,248.496
-71.233561319,43.774298883,248.495
-71.233561319,43.774298858,248.493
-71.233561291,43.774298836,248.488
-71.233561259,43.774298824,248.483
-71.233561230,43.774298829,248.478
-71.233561202,43.774298833,248.476
-71.233561179,43.774298829,248.474
-71.233561160,43.774298824,248.472
-71.233561139,43.774298814,248.470
-71.233561140,43.774298794,248.468
-71.233561160,43.774298764,248.469
-71.233561185,43.774298728,248.469
-71.233561196,43.774298706,248.470
-71.233561211,43.774298691,248.473
-71.233561230,43.774298681,248.476
-71.233561270,43.774298676,248.480
-71.233561308,43.774298679,248.485
-71.233561344,43.774298676,248.491
-71.233561381,43.774298645,248.501
-71.233561417,43.774298610,248.511
-71.233561431,43.774298587,248.519
-71.233561435,43.774298561,248.525
-71.233561424,43.774298551,248.531
-71.233561406,43.774298550,248.540
-71.233561381,43.774298562,248.546
-71.233561416,43.774298554,248.549
-71.233561449,43.774298542,248.551
-71.233561467,43.774298523,248.552
-71.233561477,43.774298495,248.551
-71.233561490,43.774298461,248.549
-71.233561490,43.774298435,248.547
-71.233561477,43.774298406,248.543
-71.233561462,43.774298372,248.538
-71.233561451,43.774298333,248.531
-71.233561424,43.774298302,248.525
-71.233561386,43.774298285,248.521
-71.233561356,43.774298278,248.517
-71.233561314,43.774298251,248.518
-71.233561246,43.774298228,248.521
-71.233561185,43.774298214,248.524
-71.233561112,43.774298202,248.525
-71.233561051,43.774298189,248.526
-71.233560974,43.774298175,248.526
-71.233560904,43.774298168,248.527
-71.233560861,43.774298152,248.527
-71.233560846,43.774298148,248.527
-71.233560832,43.774298147,248.525
-71.233560831,43.774298157,248.521
-71.233560821,43.774298167,248.516
-71.233560779,43.774298170,248.512
-71.233560745,43.774298176,248.508
-71.233560712,43.774298181,248.504
-71.233560687,43.774298177,248.500
-71.233560683,43.774298168,248.495
-71.233560695,43.774298149,248.486
-71.233560699,43.774298120,248.474
-71.233560683,43.774298103,248.465
-71.233560655,43.774298096,248.459
-71.233560630,43.774298086,248.456
-71.233560615,43.774298068,248.453
-71.233560629,43.774298052,248.450
-71.233560667,43.774298035,248.446
-71.233560710,43.774298013,248.442
-71.233560774,43.774297973,248.436
-71.233560823,43.774297945,248.429
-71.233560855,43.774297939,248.424
-71.233560877,43.774297961,248.421
-71.233560902,43.774298003,248.420
-71.233560948,43.774298059,248.422
-71.233560979,43.774298109,248.432
-71.233560985,43.774298148,248.450
-71.233560975,43.774298193,248.470
-71.233560933,43.774298238,248.498
-71.233560897,43.774298468,248.566
-71.233560044,43.774298803,248.888
-71.233558838,43.774299970,249.542
-71.233558737,43.774301041,249.900
-71.233558729,43.774301685,250.122
-71.233558685,43.774302198,250.260
-71.233557587,43.774302006,250.337
-71.233556656,43.774301643,250.386
-71.233556493,43.774301606,250.382
-71.233556583,43.774301624,250.317
-71.233556718,43.774301360,250.167
-71.233556899,43.774301117,250.022
-71.233557242,43.774300970,249.894
-71.233557634,43.774300854,249.770
-71.233557673,43.774300518,249.668
-71.233557586,43.774300156,249.596
-71.233557669,43.774299818,249.527
-71.233557834,43.774299515,249.466
-71.233558039,43.774299252,249.413
-71.233558172,43.774299027,249.356
-71.233558316,43.774298873,249.317
-71.233558363,43.774298770,249.281
-71.233558419,43.774298670,249.250
-71.233558459,43.774298469,249.205
-71.233558580,43.774298259,249.151
-71.233558916,43.774298104,249.088
-71.233559426,43.774298013,249.040
-71.233559997,43.774297987,249.014
-71.233560560,43.774298010,249.002
-71.233560878,43.774298168,248.988
-71.233561016,43.774298335,248.963
-71.233561146,43.774298469,248.937
-71.233561384,43.774298552,248.924
-71.233561613,43.774298706,248.927
-71.233561785,43.774298937,248.939
-71.233561921,43.774299189,248.953
-71.233561878,43.774299472,248.967
-71.233561779,43.774299627,248.973
-71.233561603,43.774299777,248.976
-71.233561468,43.774299917,248.981
-71.233561325,43.774300043,248.989
-71.233561192,43.774300060,248.983
-71.233561081,43.774300049,248.965
-71.233561063,43.774300015,248.945
-71.233561059,43.774299980,248.923
-71.233561058,43.774299947,248.898
-71.233561061,43.774299901,248.879
-71.233561017,43.774299888,248.855
-71.233560986,43.774299869,248.829
-71.233560936,43.774299856,248.801
-71.233560878,43.774299843,248.773
-71.233560817,43.774299837,248.744
-71.233560756,43.774299835,248.717
-71.233560700,43.774299828,248.690
-71.233560647,43.774299815,248.666
-71.233560587,43.774299809,248.642
-71.233560532,43.774299805,248.618
-71.233560545,43.774299776,248.599
-71.233560603,43.774299736,248.589
-71.233560665,43.774299696,248.587
-71.233560724,43.774299649,248.586
-71.233560825,43.774299584,248.589
-71.233560876,43.774299539,248.595
-71.233560864,43.774299542,248.591
-71.233560881,43.774299562,248.586
-71.233560929,43.774299524,248.587
-71.233560996,43.774299509,248.593
-71.233561092,43.774299502,248.606
-71.233561183,43.774299503,248.623
-71.233561290,43.774299487,248.636
-71.233561421,43.774299473,248.652
-71.233561502,43.774299440,248.664
-71.233561535,43.774299405,248.673
-71.233561556,43.774299336,248.681
-71.233561610,43.774299277,248.686
-71.233561646,43.774299239,248.685
-71.233561672,43.774299206,248.684
-71.233561701,43.774299191,248.681
-71.233561704,43.774299181,248.671